1600 2387
1084 1085
1089 1129
487 527
1137 1177
57 97
1074 1075
140 180
1239 1279
1081 1082
528 529
1163 1164
1104 1105
760 800
1537 1577
285 286
433 473
499 500
66 106
657 697
1501 1502
983 1023
45 85
1302 1342
445 446
605 645
1592 1593
27 28
1447 1487
1227 1228
1450 1490
840 880
118 119
992 1032
1122 1162
644 645
639 640
1243 1244
241 242
893 894
518 558
419 459
1254 1294
1471 1472
1431 1471
767 807
1189 1229
1132 1172
1147 1187
588 589
418 458
102 142
385 386
254 255
753 754
563 564
59 60
1363 1364
955 995
701 741
1132 1133
1361 1362
459 460
1270 1271
742 743
668 708
217 257
1462 1463
652 692
1398 1399
254 294
642 643
330 331
248 288
1250 1251
427 428
1449 1489
34 74
1131 1132
1050 1090
44 45
576 616
1158 1198
1479 1519
1354 1355
56 96
883 884
97 98
1357 1397
1054 1094
899 900
569 570
1349 1350
1401 1441
917 957
1359 1399
715 716
766 806
23 63
1547 1587
768 769
925 926
20 21
1017 1018
1417 1418
1246 1247
557 597
845 846
816 856
1070 1110
404 405
611 612
1554 1594
1519 1520
848 849
1236 1276
638 639
351 352
1272 1312
467 507
958 998
1101 1102
1422 1423
691 731
1099 1139
1564 1565
1376 1377
350 351
1410 1411
730 731
194 195
826 827
841 842
846 886
1085 1125
1312 1352
457 458
1372 1373
644 684
248 249
617 618
1041 1042
894 895
911 912
103 104
618 658
764 804
1539 1579
431 432
69 109
265 266
473 474
580 620
66 67
1018 1019
476 516
1491 1492
783 823
886 926
1065 1066
1317 1357
1321 1322
1498 1499
1336 1376
72 112
873 913
89 129
503 543
1514 1554
765 805
379 380
13 53
410 450
1547 1548
1179 1219
1309 1349
1269 1270
143 183
1584 1585
1358 1398
1445 1446
1212 1213
965 966
635 675
685 725
38 39
913 914
486 487
251 252
1502 1503
1299 1339
1068 1108
1307 1308
813 814
779 780
366 406
1275 1315
1244 1245
908 909
201 202
221 261
637 677
1521 1561
700 740
1237 1238
424 425
829 830
287 327
1540 1541
151 191
552 592
29 30
744 784
358 359
1329 1330
1394 1395
591 631
1540 1580
371 411
987 1027
302 303
842 882
1097 1137
1027 1028
691 692
1420 1421
9 49
1278 1279
1008 1048
1219 1259
158 159
1060 1061
301 302
610 611
1475 1476
656 696
687 688
434 435
232 233
123 163
1138 1139
702 703
1308 1348
932 972
859 860
650 651
1019 1020
1110 1150
40 80
988 989
1583 1584
451 491
753 793
339 379
1053 1093
619 620
949 950
1155 1195
1458 1498
773 813
96 97
422 423
835 836
629 630
1172 1212
529 569
1220 1260
1160 1200
1369 1409
1411 1412
1251 1291
402 442
79 119
610 650
791 831
1394 1434
102 103
1084 1124
1528 1568
508 548
631 632
313 353
260 261
1265 1266
525 565
568 608
1545 1585
1089 1090
206 246
705 745
581 621
1319 1359
1002 1042
1449 1450
426 466
75 115
422 462
904 905
499 539
195 235
227 228
942 943
782 822
354 394
149 189
1240 1280
1093 1094
1057 1058
1570 1571
187 227
1017 1057
687 727
1416 1417
591 592
1216 1256
848 888
443 483
491 492
152 192
362 363
1255 1295
214 254
381 382
6 7
156 196
1001 1002
830 870
604 644
1346 1386
1393 1433
688 689
776 777
1095 1096
215 255
1043 1083
820 860
344 384
1403 1443
166 167
1510 1511
1460 1461
1266 1267
237 277
580 581
763 803
78 79
1311 1312
1543 1583
430 470
513 514
1593 1594
1192 1193
161 201
325 365
1074 1114
912 913
521 561
1182 1183
190 230
480 520
352 392
906 946
1390 1391
764 765
1038 1039
1499 1539
27 67
865 866
297 298
1 2
585 625
400 440
483 484
389 390
993 1033
297 337
462 463
1042 1082
136 176
1421 1461
739 779
1260 1300
874 875
1118 1158
793 833
210 250
1251 1252
48 49
606 607
589 629
1478 1479
30 31
255 256
1351 1352
51 52
82 122
995 1035
933 973
541 542
29 69
121 161
1521 1522
1267 1268
1098 1138
408 409
303 304
664 665
1466 1506
417 418
1285 1286
197 237
169 209
788 789
784 785
979 980
1561 1562
1064 1104
1345 1346
334 374
810 811
1096 1097
109 149
258 259
1195 1196
313 314
896 897
247 248
535 575
163 164
439 479
622 623
374 414
595 596
1469 1509
363 403
1318 1319
1448 1449
264 265
887 927
998 999
791 792
954 955
956 957
1438 1439
190 191
551 591
30 70
355 356
333 373
1295 1296
679 680
448 488
698 738
626 666
1428 1429
676 677
113 153
601 641
87 127
1077 1078
1372 1412
952 953
509 510
69 70
283 284
556 596
1339 1379
383 423
1429 1469
693 733
1184 1185
1171 1172
220 260
928 968
1245 1246
73 113
1304 1344
376 377
1542 1543
799 800
1375 1376
1531 1532
1546 1547
490 530
417 457
626 627
106 146
1481 1521
1102 1142
1464 1465
340 380
844 884
1197 1198
1598 1599
531 532
1105 1106
681 682
596 597
199 200
1599 1600
92 132
1320 1360
1342 1343
472 512
73 74
703 743
1323 1324
884 924
380 420
272 312
340 341
246 247
1128 1129
1488 1489
1028 1068
870 910
793 794
868 869
33 34
306 307
806 846
586 626
1389 1390
212 252
613 653
1030 1070
396 397
238 278
1005 1045
484 485
811 851
182 222
1386 1387
62 102
929 969
122 162
1403 1404
1056 1057
1165 1205
1258 1259
454 494
430 431
225 265
697 737
620 660
956 996
372 373
1241 1242
16 17
1021 1061
1208 1209
1247 1287
759 799
395 396
271 272
496 497
1140 1180
729 730
453 493
405 406
649 650
1501 1541
820 821
1163 1203
64 104
803 843
440 480
378 418
242 282
242 243
268 269
745 746
1229 1230
834 835
1459 1499
1303 1304
864 904
50 90
1055 1056
1095 1135
953 993
126 127
1196 1236
1398 1438
1430 1431
1534 1574
878 879
376 416
659 699
244 245
1479 1480
58 98
415 455
697 698
477 517
1078 1079
168 169
987 988
1459 1460
1113 1114
1203 1204
918 919
1182 1222
375 415
1268 1308
265 305
833 834
187 188
1358 1359
943 983
1224 1225
1400 1440
944 945
851 852
527 528
1326 1327
662 663
241 281
415 416
59 99
1064 1065
1409 1449
1328 1368
1153 1154
391 431
577 578
81 82
176 216
100 140
208 248
1484 1524
403 443
1412 1413
675 676
734 774
474 514
78 118
1087 1088
181 182
21 61
655 656
193 233
542 582
636 637
1558 1598
1586 1587
924 925
628 629
862 902
326 366
1552 1553
863 864
412 413
999 1039
1211 1251
420 460
256 296
641 642
1480 1520
707 747
1485 1525
234 274
155 156
221 222
43 44
1438 1478
798 838
107 147
165 166
985 986
1156 1157
1448 1488
1350 1390
1155 1156
558 559
300 301
1388 1428
479 519
858 859
48 88
223 263
689 690
825 826
94 95
117 157
77 117
1035 1036
1594 1595
1048 1049
845 885
1063 1064
983 984
629 669
81 121
643 683
387 427
318 319
132 133
476 477
1436 1476
895 935
1383 1384
1222 1223
554 594
439 440
258 298
1439 1479
1094 1095
874 914
1139 1179
127 167
792 793
414 415
1474 1514
10 50
933 934
1145 1146
84 85
681 721
506 507
1419 1459
712 752
392 393
144 184
134 135
1050 1051
725 765
1112 1113
889 929
393 433
1096 1136
1247 1248
1524 1564
1007 1047
278 318
612 613
1462 1502
1383 1423
1539 1540
338 378
679 719
465 505
1049 1089
778 818
406 407
1071 1111
157 197
1356 1396
1106 1146
843 883
1464 1504
1492 1493
342 382
1016 1056
982 1022
91 92
1453 1493
459 499
669 709
1489 1529
24 64
126 166
294 295
250 290
841 881
367 368
696 736
1011 1012
23 24
809 810
1482 1483
61 101
948 949
1252 1292
870 871
1037 1038
595 635
552 553
889 890
1045 1085
607 647
1012 1052
573 574
192 193
733 773
1099 1100
673 674
538 539
1196 1197
116 117
309 349
179 180
1572 1573
251 291
978 979
935 975
1255 1256
1549 1550
1226 1266
672 673
1047 1087
1269 1309
203 204
1469 1470
62 63
1373 1374
890 930
1436 1437
1284 1285
211 251
83 123
1072 1112
197 198
229 269
571 572
159 160
176 177
959 999
1186 1187
647 687
1031 1032
454 455
112 113
737 777
1069 1070
801 841
47 48
1571 1572
654 655
927 928
1389 1429
882 883
1036 1076
304 305
1000 1040
1381 1421
1147 1148
5 45
505 545
765 766
660 700
944 984
771 811
1254 1255
696 697
1509 1549
913 953
1551 1552
170 171
852 892
1300 1301
1497 1537
437 438
1476 1477
832 833
1406 1407
1545 1546
1086 1126
172 212
390 391
281 282
131 171
973 1013
646 647
1419 1420
1109 1110
80 120
1241 1281
409 410
1183 1223
1191 1192
1215 1216
276 277
357 358
717 718
977 978
757 758
1467 1507
744 745
1452 1492
348 349
546 586
458 498
39 40
531 571
699 739
605 606
25 65
1159 1199
432 472
1367 1368
781 782
604 605
435 475
1314 1315
961 962
310 311
1364 1404
285 325
1359 1360
828 868
1006 1007
1087 1127
1512 1513
1204 1205
199 239
736 737
1496 1536
114 115
255 295
562 563
1051 1091
1045 1046
735 775
1395 1435
1232 1233
168 208
108 109
966 967
140 141
1176 1177
293 294
1176 1216
567 607
1413 1414
951 952
998 1038
809 849
1260 1261
9 10
1237 1277
989 990
1062 1063
1075 1115
1364 1365
609 649
1268 1269
1288 1289
1284 1324
769 770
964 965
670 710
65 105
1435 1436
1355 1356
1088 1128
131 132
543 544
256 257
545 585
514 515
1126 1166
1498 1538
316 356
264 304
1276 1277
539 579
970 1010
769 809
669 670
203 243
492 532
1573 1574
568 569
539 540
235 275
388 428
1395 1396
1279 1280
554 555
1340 1380
922 962
1131 1171
211 212
576 577
1391 1392
1432 1433
1111 1112
1068 1069
250 251
1046 1086
171 172
815 855
375 376
1421 1422
249 250
1181 1182
643 644
614 654
915 955
711 751
1533 1534
141 181
413 453
559 599
90 91
438 439
704 705
1067 1107
424 464
796 797
597 598
931 971
1493 1533
1129 1169
967 1007
1500 1501
675 715
1352 1392
1257 1258
1414 1454
779 819
318 358
233 234
865 905
986 987
927 967
284 324
490 491
159 199
1544 1545
444 445
786 826
959 960
32 33
165 205
1434 1474
1423 1463
50 51
1313 1314
1391 1431
161 162
395 435
1557 1558
54 55
836 837
286 287
216 217
1103 1143
1055 1095
900 940
1071 1072
1033 1034
914 954
235 236
74 114
688 728
189 229
209 249
425 426
1324 1364
144 145
8 9
648 688
555 595
410 411
1397 1437
1382 1422
1362 1402
1231 1271
527 567
1331 1332
878 918
208 209
377 417
726 766
1175 1176
178 218
485 525
420 421
1146 1186
1348 1349
396 436
569 609
1102 1103
145 146
1219 1220
276 316
649 689
1591 1592
458 459
517 557
425 465
684 724
11 51
1086 1087
413 414
785 786
828 829
145 185
327 367
1091 1092
1223 1224
1025 1065
336 376
1 41
811 812
1294 1295
1207 1208
857 858
148 188
1118 1119
930 970
373 413
967 968
481 482
694 695
1175 1215
1379 1380
138 139
188 228
718 758
358 398
249 289
1470 1471
1576 1577
1322 1323
1060 1100
1405 1406
1407 1447
391 392
200 240
331 332
1029 1069
125 165
17 57
1350 1351
1079 1080
270 271
1327 1367
142 143
1248 1249
1387 1427
1257 1297
1048 1088
379 419
891 892
877 878
111 151
299 300
1221 1222
225 226
1473 1513
630 631
879 880
853 893
999 1000
464 504
113 114
971 972
291 292
683 723
1003 1004
1173 1174
651 652
996 1036
583 623
1366 1406
1502 1542
450 451
618 619
3 43
801 802
847 887
1265 1305
920 960
664 704
142 182
824 864
923 963
936 976
772 812
103 143
1044 1045
306 346
584 585
969 1009
356 396
210 211
1331 1371
386 387
290 291
14 54
534 574
777 778
236 276
519 520
550 590
20 60
1560 1600
1202 1242
356 357
838 878
1194 1195
544 584
263 303
1505 1545
1125 1126
1554 1555
139 179
1101 1141
1305 1306
1273 1274
472 473
761 762
1020 1021
15 55
520 560
942 982
1193 1194
41 81
743 783
1368 1408
172 173
1209 1210
813 853
1262 1263
837 877
1047 1048
336 337
399 400
1426 1466
368 369
445 485
1463 1464
502 503
329 330
240 280
392 432
1010 1011
1124 1125
212 213
388 389
1454 1494
154 155
466 506
209 210
850 851
1332 1333
407 408
1171 1211
124 164
528 568
1311 1351
198 199
778 779
53 93
727 728
1515 1555
620 621
247 287
283 323
684 685
905 906
26 27
646 686
1402 1442
1465 1466
185 225
1425 1426
12 52
68 108
317 318
370 371
1428 1468
431 471
847 848
493 533
1073 1113
788 828
371 372
1067 1068
1536 1537
487 488
686 687
52 92
1148 1188
112 152
404 444
1499 1500
745 785
416 417
224 264
369 409
1518 1558
1115 1116
1381 1382
1319 1320
821 822
1537 1538
1178 1179
918 958
1365 1366
397 437
708 748
625 665
831 871
716 717
923 924
158 198
1190 1230
623 624
909 949
957 958
1057 1097
1298 1299
1527 1528
897 898
12 13
1535 1536
1027 1067
1399 1400
724 725
52 53
1349 1389
243 244
359 360
1036 1037
614 615
536 576
315 316
427 467
1125 1165
7 47
860 861
1461 1462
565 566
177 217
495 535
366 367
1104 1144
294 334
1235 1236
1456 1457
60 61
1218 1219
1154 1194
1267 1307
154 194
498 538
380 381
1427 1467
916 956
205 245
1041 1081
1010 1050
1283 1323
1180 1220
871 911
1429 1430
601 602
746 786
732 772
598 638
402 403
1150 1190
1493 1494
156 157
1477 1478
382 383
382 422
1145 1185
1476 1516
1121 1122
951 991
1061 1101
484 524
607 608
1134 1135
1529 1569
473 513
1107 1108
839 840
273 313
875 876
570 610
36 76
1313 1353
121 122
60 100
1478 1518
157 158
1044 1084
1001 1041
1482 1522
812 813
1378 1418
1151 1191
794 834
1221 1261
728 768
125 126
968 969
792 832
1373 1413
275 276
411 451
123 124
288 328
869 909
26 66
1379 1419
268 308
1098 1099
566 567
1082 1083
337 377
1214 1254
198 238
1528 1529
1563 1564
886 887
658 659
468 508
533 573
99 100
1553 1554
1258 1298
1195 1235
917 918
1201 1202
668 669
377 378
321 361
398 399
311 351
1512 1552
952 992
738 778
621 661
1362 1363
893 933
213 253
1454 1455
180 181
727 767
723 763
963 964
174 214
110 111
1442 1443
1083 1084
1525 1526
575 615
347 348
474 475
171 211
756 796
1343 1383
106 107
762 802
543 583
319 320
693 694
494 495
1575 1576
100 101
394 434
1355 1395
1444 1445
1272 1273
507 508
107 108
1026 1066
1415 1416
950 990
705 706
289 290
1426 1427
715 755
266 267
819 820
1289 1329
14 15
243 283
257 258
1112 1152
958 959
1236 1237
429 469
818 858
807 847
1378 1379
1034 1074
864 865
339 340
1013 1053
1023 1024
361 401
1548 1549
214 215
836 876
1508 1548
567 568
364 365
1347 1387
930 931
1305 1345
253 293
1075 1076
854 894
1090 1091
423 463
748 788
822 862
452 453
303 343
1290 1291
986 1026
6 46
1585 1586
710 711
1259 1299
378 379
867 868
1473 1474
305 345
1191 1231
1487 1527
273 274
501 541
795 835
289 329
940 941
1335 1336
218 258
298 299
1433 1434
45 46
1249 1289
1142 1182
818 819
88 128
720 760
861 862
523 563
1303 1343
962 963
1481 1482
1168 1208
429 430
364 404
322 323
436 476
178 179
735 736
880 920
4 5
600 640
1056 1096
1217 1218
308 309
1083 1123
742 782
1467 1468
327 328
1399 1439
188 189
1475 1515
1173 1213
869 870
750 790
1038 1078
1197 1237
1133 1134
271 311
465 466
1442 1482
1193 1233
88 89
284 285
598 599
1085 1086
385 425
1143 1144
583 584
219 259
1059 1099
269 270
89 90
324 325
1034 1035
1014 1015
911 951
130 170
1457 1497
1062 1102
348 388
1427 1428
326 327
1384 1424
428 429
1280 1320
237 238
777 817
976 977
146 186
1120 1160
946 947
902 942
419 420
500 501
37 77
311 312
259 299
31 71
1401 1402
1049 1050
323 324
797 837
1541 1581
553 593
516 517
924 964
365 405
295 335
1549 1589
1114 1154
677 678
1441 1442
53 54
1437 1477
1168 1169
148 149
549 550
1109 1149
1338 1339
489 490
215 216
658 698
1495 1535
58 59
905 945
239 240
741 742
267 307
611 651
314 354
1151 1152
360 400
1253 1293
301 341
488 489
361 362
204 244
230 231
940 980
996 997
1510 1550
260 300
1589 1590
997 998
1259 1260
1165 1166
899 939
1198 1199
1522 1562
1136 1176
1014 1054
1353 1354
1123 1163
1458 1459
953 954
219 220
901 941
723 724
1143 1183
471 472
571 611
1274 1275
1588 1589
558 598
1318 1358
1503 1504
1023 1063
15 16
1124 1164
1566 1567
1301 1341
981 1021
1290 1330
162 163
49 89
701 702
65 66
1503 1543
755 756
724 764
647 648
1296 1297
902 903
194 234
717 757
41 42
1242 1282
619 659
1542 1582
1550 1590
1483 1484
1107 1147
147 148
46 47
1117 1118
1402 1403
1289 1290
77 78
442 482
1077 1117
602 642
463 503
830 831
960 1000
1281 1282
1341 1381
1494 1495
1327 1328
447 448
787 788
1424 1464
35 36
773 774
374 375
493 494
561 601
292 293
357 397
548 588
5 6
624 664
129 130
926 966
743 744
565 605
1022 1062
245 285
1121 1161
692 693
310 350
135 175
1410 1450
936 937
653 693
253 254
584 624
175 176
1157 1197
389 429
994 1034
1346 1347
908 948
926 927
1551 1591
855 895
994 995
1234 1235
943 944
196 236
226 227
1486 1526
1404 1444
1082 1122
627 628
721 722
482 522
384 424
1323 1363
97 137
859 899
1559 1599
1361 1401
1238 1239
75 76
345 385
1202 1203
312 313
229 230
1051 1052
1206 1246
137 138
1115 1155
320 360
850 890
1134 1174
690 730
1527 1567
1213 1253
1015 1055
96 136
590 591
887 888
1370 1410
690 691
1301 1302
1287 1288
623 663
1558 1559
22 62
1443 1444
1114 1115
1292 1332
182 183
665 705
1468 1508
1457 1458
468 469
636 676
95 135
1596 1597
28 68
866 906
167 168
755 795
955 956
456 457
1174 1175
1299 1300
1562 1563
808 809
329 369
141 142
460 500
1444 1484
685 686
83 84
149 150
67 107
1411 1451
272 273
948 988
964 1004
1508 1509
831 832
71 72
1435 1475
1342 1382
759 760
32 72
1432 1472
853 854
909 910
296 336
540 541
146 147
990 991
863 903
1291 1331
381 421
789 829
1152 1192
546 547
1374 1375
1446 1486
632 672
1495 1496
749 789
129 169
441 442
90 130
1166 1167
257 297
469 470
962 1002
533 534
1568 1569
1100 1101
334 335
895 896
105 106
1164 1204
494 534
1205 1245
968 1008
1390 1430
163 203
1276 1316
1016 1017
718 719
11 12
365 366
612 652
1004 1005
486 526
33 73
1314 1354
18 58
538 578
540 580
67 68
1456 1496
498 499
1559 1560
275 315
1357 1358
1088 1089
739 740
1525 1565
784 824
507 547
826 866
1408 1448
184 185
1380 1420
774 814
766 767
823 824
615 655
1019 1059
938 978
613 614
57 58
650 690
1333 1334
603 643
76 77
1091 1131
534 535
233 273
1485 1486
1100 1140
585 586
2 42
995 996
1412 1452
346 386
1530 1570
648 649
535 536
1330 1370
353 393
1334 1374
509 549
492 493
1504 1544
1264 1304
608 609
401 402
512 513
516 556
10 11
1261 1262
1252 1253
332 333
1492 1532
1304 1305
316 317
1144 1145
671 711
1059 1060
183 223
819 859
1298 1338
98 138
1382 1383
947 987
1452 1453
134 174
1463 1503
373 374
1518 1519
768 808
1194 1234
519 559
881 921
1595 1596
804 805
1414 1415
1282 1283
898 899
1106 1107
802 842
682 683
699 700
1552 1592
757 797
35 75
1437 1438
170 210
754 794
716 756
548 549
860 900
331 371
1405 1445
710 750
714 715
805 845
105 145
1072 1073
183 184
282 322
423 424
1146 1147
1021 1022
1180 1181
1110 1111
1292 1293
1447 1448
317 357
167 207
740 741
151 152
345 346
87 88
931 932
347 387
34 35
730 770
288 289
1158 1159
477 478
1388 1389
564 604
547 548
223 224
449 489
904 944
978 1018
513 553
674 675
1519 1559
737 738
321 322
770 810
916 917
1141 1142
662 702
70 71
179 219
1324 1325
1579 1580
1393 1394
588 628
217 218
1494 1534
457 497
16 56
1081 1121
632 633
262 302
661 662
678 679
1343 1344
1302 1303
676 716
446 486
1217 1257
1406 1446
1577 1578
1360 1400
524 525
1183 1184
821 861
1039 1079
1466 1467
207 208
46 86
1162 1163
1532 1533
602 603
1054 1055
1470 1510
94 134
177 178
401 441
79 80
1522 1523
770 771
222 262
654 694
85 125
1339 1340
64 65
1446 1447
1581 1582
1186 1226
711 712
653 654
1076 1116
1031 1071
637 638
421 461
181 221
1246 1286
1230 1270
992 993
1344 1345
1264 1265
984 1024
641 681
1025 1026
1078 1118
748 749
1451 1491
116 156
115 155
939 940
706 707
1012 1013
370 410
722 723
280 320
1294 1334
783 784
849 850
617 657
355 395
160 200
444 484
1058 1098
796 836
542 543
173 174
120 160
31 32
1185 1186
333 334
633 634
324 364
1181 1221
562 602
277 317
603 604
719 759
1093 1133
428 468
230 270
305 306
1396 1436
42 43
1341 1342
338 339
1580 1581
587 627
1244 1284
934 935
1316 1317
1011 1051
1348 1388
495 496
1256 1296
928 929
399 439
622 662
55 95
1523 1563
155 195
787 827
966 1006
1035 1075
915 916
586 587
896 936
186 226
790 830
1417 1457
104 144
39 79
772 773
1397 1398
432 433
1330 1331
1385 1386
319 359
822 823
386 426
204 205
695 696
553 554
1505 1506
147 187
467 468
1271 1311
815 816
656 657
1316 1356
950 951
515 555
489 529
627 667
1483 1523
708 709
1273 1313
890 891
1321 1361
218 219
341 381
1582 1583
1274 1314
61 62
19 59
1177 1178
1363 1403
665 666
1148 1149
1229 1269
985 1025
1126 1127
1354 1394
1187 1188
1275 1276
1365 1405
561 562
461 501
483 523
1214 1215
949 989
639 679
704 744
447 487
1306 1307
563 603
971 1011
496 536
1066 1067
807 808
47 87
117 118
1453 1454
51 91
224 225
1366 1367
137 177
322 362
359 399
776 816
1353 1393
1371 1372
596 636
343 344
504 544
751 752
1129 1130
616 617
702 742
282 283
1188 1189
518 519
1152 1153
728 729
54 94
368 408
1013 1014
343 383
1232 1272
660 661
1127 1128
1070 1071
812 852
1266 1306
1377 1417
1443 1483
806 807
1218 1258
866 867
186 187
304 344
1543 1544
328 368
1127 1167
1396 1397
929 930
1490 1491
252 253
570 571
1079 1119
1474 1475
937 977
450 490
1530 1531
1008 1009
1338 1378
7 8
1312 1313
1157 1158
579 580
1167 1207
954 994
872 912
111 112
1270 1310
973 974
898 938
965 1005
503 504
1385 1425
455 456
1037 1077
369 370
1513 1553
1286 1326
1329 1369
885 886
460 461
1315 1316
363 364
1413 1453
707 708
1164 1165
1169 1170
390 430
1315 1355
975 1015
1226 1227
589 590
1282 1322
510 550
1022 1023
449 450
790 791
1117 1157
594 634
405 445
1516 1517
185 186
1210 1211
1223 1263
421 422
530 570
1486 1487
521 522
1440 1480
1135 1136
782 783
756 757
344 345
780 781
1004 1044
1028 1029
110 150
1139 1140
1520 1560
871 872
856 857
1245 1285
436 437
799 839
910 911
1149 1189
947 948
932 933
872 873
448 449
1431 1432
464 465
1511 1512
974 1014
1249 1250
526 527
270 310
173 213
239 279
1548 1588
1344 1384
1308 1309
682 722
488 528
231 271
1590 1591
92 93
592 593
8 48
91 131
349 350
991 992
1174 1214
988 1028
817 857
269 309
1053 1054
1409 1410
659 660
824 825
974 975
1465 1505
635 636
1386 1426
816 817
342 343
775 815
873 874
582 622
1113 1153
1407 1408
1335 1375
781 821
645 685
963 1003
82 83
