3136 4676
441 497
2983 2984
1966 2022
26 82
575 631
1993 2049
358 414
1531 1587
2958 3014
2616 2672
2019 2020
353 409
2231 2232
1304 1305
1203 1204
1877 1878
1748 1749
2278 2334
2682 2683
682 683
2915 2916
1473 1474
1954 1955
320 321
1462 1463
1338 1394
1728 1729
1253 1309
1088 1089
1708 1709
3044 3045
1419 1475
369 370
3126 3127
114 115
597 598
988 1044
916 917
1366 1422
260 261
2446 2502
1380 1436
399 455
1247 1248
1920 1921
2371 2427
265 266
431 487
2470 2471
2449 2505
1901 1957
2715 2771
1813 1814
2076 2132
428 429
2157 2158
414 415
1916 1972
2226 2227
769 770
3031 3032
388 389
2834 2835
1315 1316
2763 2764
1202 1258
1657 1658
799 800
344 400
2959 3015
804 805
2595 2651
2137 2193
2143 2199
3110 3111
3016 3072
1372 1428
217 273
618 619
744 800
2324 2325
613 669
2436 2492
3123 3124
2596 2597
1133 1189
1971 1972
686 687
382 383
2560 2561
2201 2202
2780 2836
939 940
2985 3041
2835 2836
2473 2474
2688 2744
2946 3002
1735 1791
373 429
2428 2429
1802 1858
2279 2280
2254 2255
2433 2434
1020 1076
684 685
640 641
2139 2140
1223 1279
2710 2711
1909 1965
2496 2497
2073 2129
2362 2418
1344 1400
1643 1644
880 936
209 265
1186 1187
782 838
1101 1157
499 555
2695 2751
3011 3012
928 984
36 92
2146 2202
2886 2942
546 547
2499 2500
1660 1716
821 822
913 914
1575 1576
2267 2323
1100 1101
2399 2400
655 656
1766 1822
131 132
2487 2488
1368 1424
407 408
925 926
1023 1079
658 659
2251 2307
977 978
1935 1991
111 112
2282 2283
297 298
2471 2527
1683 1739
1874 1930
1326 1382
3037 3038
404 405
1672 1673
1305 1306
2714 2770
2881 2937
1014 1070
79 80
2484 2485
707 763
2934 2990
1627 1683
1405 1461
1591 1592
55 111
1963 2019
45 46
2505 2506
2005 2006
3067 3123
2791 2847
2640 2641
1588 1589
2504 2505
2646 2647
2333 2389
1972 2028
797 853
2995 2996
2203 2259
757 758
1332 1388
480 536
1031 1032
1053 1054
80 136
2478 2534
974 975
1151 1207
1467 1468
2404 2405
1813 1869
394 450
225 226
994 1050
1861 1917
1945 2001
1207 1208
43 99
375 431
2057 2058
439 440
421 422
2960 2961
1965 1966
1956 2012
2378 2379
766 822
2980 3036
2460 2516
1535 1591
2792 2793
2393 2449
362 363
1391 1392
1706 1762
1167 1223
1727 1783
633 634
2765 2821
100 101
173 174
2687 2743
1512 1568
1926 1982
1056 1112
306 307
2524 2580
1593 1594
1141 1197
2199 2255
1482 1483
1438 1494
849 905
2874 2875
1923 1924
3072 3073
1703 1704
959 1015
425 426
477 533
2671 2672
1415 1471
158 214
1995 1996
1056 1057
1147 1203
2420 2421
1274 1275
2272 2328
297 353
1752 1753
1689 1690
313 369
183 239
1547 1548
2022 2078
1777 1833
717 773
1471 1527
474 530
2415 2471
2482 2483
81 82
2190 2191
1650 1706
2328 2384
2798 2854
1732 1788
2070 2126
654 655
99 155
1895 1896
708 709
3059 3115
372 373
2162 2163
2412 2413
1757 1813
1707 1708
680 681
893 949
2870 2871
2923 2979
2030 2086
29 30
2914 2915
1726 1782
585 586
3028 3029
2285 2341
1982 2038
1941 1942
257 258
596 597
847 848
161 217
1594 1650
2589 2590
2085 2086
2207 2263
2266 2267
110 111
472 528
1354 1355
2331 2387
2344 2345
70 71
1219 1220
756 757
843 899
227 283
1 2
1797 1798
2902 2958
400 401
2174 2175
3064 3065
1934 1935
2974 2975
1254 1255
1714 1715
235 236
1101 1102
1361 1417
143 199
3113 3114
641 697
2568 2569
1631 1687
2840 2841
1582 1583
1294 1295
1339 1395
804 860
2751 2807
61 117
2443 2444
552 608
1991 2047
1825 1826
2857 2913
1739 1795
2179 2235
1503 1504
1839 1840
2252 2253
171 227
3004 3060
1209 1210
1205 1261
1556 1612
1689 1745
50 106
2429 2430
2343 2344
2044 2045
1411 1412
720 721
995 996
859 860
2345 2346
1915 1916
2512 2568
1527 1528
1187 1188
35 91
2434 2490
538 539
1499 1500
1130 1186
1576 1577
2445 2446
1862 1863
1083 1139
1034 1035
1827 1883
649 705
3089 3090
2758 2759
1129 1130
1181 1237
1225 1281
2698 2699
818 819
787 843
2665 2721
2250 2251
1293 1349
1437 1493
3021 3022
60 61
1118 1174
3022 3023
1328 1384
2596 2652
2666 2667
689 690
2037 2093
636 637
2805 2806
241 242
1365 1366
597 653
2150 2151
2291 2347
702 703
1370 1426
1366 1367
2868 2924
890 891
548 604
12 13
1527 1583
1286 1342
943 944
2713 2714
1113 1169
3052 3053
141 197
834 835
3028 3084
1214 1270
646 702
992 1048
2637 2693
1448 1504
2011 2067
2206 2262
123 124
1399 1400
836 892
3017 3018
1254 1310
2052 2053
2253 2309
488 544
2775 2776
78 79
998 999
2613 2669
551 607
1955 1956
853 854
233 289
2443 2499
2102 2158
535 536
1733 1734
318 319
2582 2583
808 864
1941 1997
365 366
1864 1920
734 790
3096 3097
2668 2669
2400 2401
592 593
1704 1760
2883 2939
801 857
2316 2317
1596 1652
419 420
338 339
1872 1873
1569 1570
1682 1683
1563 1564
749 805
2257 2258
2545 2546
66 122
696 752
832 833
1505 1506
940 996
1299 1355
579 635
1302 1303
3079 3080
1433 1489
1159 1215
1436 1492
118 119
2253 2254
1621 1622
1996 1997
2812 2868
1544 1545
1649 1705
2894 2895
2691 2747
2981 2982
2704 2760
1720 1721
177 233
2789 2790
570 626
2927 2928
567 623
436 437
2604 2660
1544 1600
2391 2447
1618 1619
473 474
2824 2825
2837 2893
1416 1417
2472 2528
437 493
772 773
1354 1410
640 696
1555 1611
949 950
226 282
2099 2100
2233 2289
1179 1235
1038 1094
1600 1656
619 620
2325 2326
2768 2824
58 59
523 579
864 920
531 532
726 782
514 515
2264 2320
3122 3123
229 230
654 710
2364 2420
1106 1162
2025 2026
1236 1237
2185 2186
2816 2872
1106 1107
2234 2290
751 807
2815 2871
1469 1470
2521 2577
2125 2126
3060 3061
1794 1850
1565 1621
2133 2189
924 925
2655 2711
2438 2494
2386 2387
2926 2982
2902 2903
345 401
3062 3118
45 101
89 90
1420 1476
2977 3033
1528 1529
1504 1560
1611 1667
2388 2389
340 341
2211 2267
723 724
1003 1004
1536 1537
2748 2804
2984 2985
2270 2271
169 170
2452 2453
492 493
2842 2843
967 1023
2358 2414
1432 1433
182 238
190 191
2402 2403
1259 1315
3034 3035
3018 3019
3046 3047
2450 2506
1890 1891
315 316
729 785
1433 1434
2233 2234
411 467
126 182
2355 2356
87 88
2703 2704
2462 2518
226 227
2544 2545
2919 2975
2727 2783
3038 3039
1006 1007
966 1022
1246 1247
1549 1550
34 35
1009 1010
766 767
2098 2154
980 1036
2045 2101
2624 2680
2617 2618
2941 2942
2322 2378
2711 2767
1036 1037
1010 1066
2034 2090
1686 1687
2725 2726
329 385
2853 2854
3078 3134
450 451
1535 1536
1408 1464
1237 1238
199 200
1349 1350
339 340
2093 2149
691 692
2127 2183
638 694
865 921
549 605
2041 2097
619 675
978 1034
661 662
2262 2263
882 938
2385 2386
987 988
2225 2281
2490 2546
1066 1122
665 666
2268 2269
2797 2853
1144 1200
62 118
518 574
2381 2382
2851 2907
528 584
1012 1068
181 237
3050 3051
828 829
2531 2532
402 458
754 810
1240 1296
854 910
2174 2230
101 157
1840 1896
955 956
1979 2035
2640 2696
323 379
2215 2271
860 861
142 198
58 114
2415 2416
600 601
2167 2223
2567 2623
367 423
2236 2292
1902 1903
1675 1676
718 774
1110 1111
2692 2693
196 252
3054 3110
1943 1944
579 580
294 350
2503 2504
942 998
968 969
434 490
994 995
2234 2235
1475 1476
1145 1146
2315 2371
184 185
2741 2797
628 629
272 273
1287 1343
2680 2736
501 557
2165 2166
2501 2502
1885 1886
2541 2542
2809 2810
2897 2953
971 1027
1567 1623
1558 1559
2310 2311
1084 1140
1519 1520
3025 3081
2483 2484
2374 2375
2559 2560
2916 2917
175 176
340 396
264 320
354 410
452 453
331 387
2676 2732
2838 2839
2716 2772
317 373
1421 1422
498 499
516 517
1394 1450
2908 2964
484 485
509 510
959 960
290 291
2904 2960
2766 2822
1381 1437
2458 2459
583 584
1465 1466
1313 1314
2062 2118
379 435
1093 1149
1182 1183
2736 2737
1919 1975
633 689
590 591
2571 2627
2188 2244
2694 2750
2484 2540
1710 1766
2841 2842
82 83
697 698
271 327
419 475
2669 2725
39 40
2620 2621
2670 2671
2913 2969
857 858
342 343
2392 2393
2730 2786
3111 3112
3071 3127
681 682
1311 1312
1894 1950
412 413
2388 2444
1047 1048
1500 1501
204 205
2510 2511
1127 1128
376 377
1631 1632
368 369
2404 2460
755 756
1805 1806
333 334
1129 1185
401 457
1413 1469
2153 2154
2561 2617
1771 1772
2891 2892
408 464
486 487
1040 1096
580 636
2048 2049
320 376
1385 1386
33 89
2563 2564
1516 1517
701 757
1379 1380
1846 1847
1890 1946
3100 3101
1373 1374
2518 2574
586 587
2579 2580
855 911
1589 1645
1543 1544
266 322
1534 1590
2749 2750
2176 2177
1229 1230
1458 1514
2994 2995
765 821
1944 2000
103 104
233 234
2708 2764
1040 1041
406 462
761 817
1164 1220
2147 2148
248 304
2928 2929
2173 2174
1189 1245
1779 1780
1639 1640
27 83
824 880
2264 2265
2826 2882
1152 1208
1082 1083
1279 1280
2591 2647
2717 2773
709 765
2320 2321
1233 1234
416 417
848 849
541 542
2794 2795
1208 1209
2560 2616
785 841
2540 2541
2278 2279
1086 1142
2239 2295
1412 1468
1633 1689
979 980
1922 1923
1891 1892
2417 2418
554 610
576 577
223 224
2954 2955
812 813
2347 2403
2850 2851
939 995
3069 3125
2778 2834
1595 1596
385 441
829 885
1531 1532
2606 2607
427 483
1192 1193
51 52
1524 1580
308 364
2155 2211
1054 1110
2183 2184
17 73
1698 1754
2670 2726
2205 2206
2117 2118
2513 2514
2334 2335
493 494
1197 1253
1062 1063
1558 1614
2964 2965
348 349
1087 1088
2633 2634
386 442
327 328
294 295
1492 1493
1447 1503
2099 2155
606 662
567 568
1215 1271
1998 1999
1079 1080
1905 1961
2319 2320
2639 2640
758 814
1000 1056
2217 2218
2643 2644
2304 2360
2495 2496
1155 1211
187 188
2626 2627
1811 1812
78 134
1843 1844
2946 2947
198 199
2730 2731
800 856
2062 2063
2393 2394
2568 2624
2827 2828
2627 2683
1908 1909
2969 2970
2949 3005
1306 1307
918 919
2263 2264
3002 3058
281 337
51 107
2517 2573
161 162
417 473
1191 1192
2285 2286
3042 3043
2542 2598
948 1004
1021 1022
458 514
1942 1998
1297 1353
2036 2092
948 949
1570 1571
2196 2197
69 70
2168 2224
208 264
3026 3027
2329 2385
1721 1777
504 560
611 667
1871 1872
1486 1542
2497 2498
2681 2682
211 212
2384 2385
493 549
1255 1256
2797 2798
988 989
682 738
2232 2233
1924 1980
1412 1413
1357 1358
2710 2766
2594 2595
2406 2407
47 48
594 650
1834 1890
2605 2606
260 316
646 647
1373 1429
892 948
2843 2844
2663 2664
403 459
1698 1699
2221 2222
1249 1305
509 565
2613 2614
264 265
2929 2930
431 432
1983 1984
443 499
1151 1152
1583 1584
891 892
677 733
3045 3101
2392 2448
856 857
3127 3128
1791 1792
1326 1327
913 969
2219 2220
1604 1660
2258 2259
2076 2077
1681 1682
537 593
639 640
623 624
2734 2790
395 451
3015 3016
1256 1312
3069 3070
2760 2761
1067 1068
2935 2991
554 555
2831 2832
675 676
388 444
686 742
2648 2649
630 631
1089 1090
166 222
1715 1771
1241 1242
2726 2782
248 249
1789 1845
221 222
2431 2487
685 686
74 130
1265 1266
454 455
1477 1533
1405 1406
2427 2483
65 121
390 391
1282 1338
589 590
1035 1036
2312 2368
653 709
2584 2585
1520 1521
1776 1777
2943 2999
2578 2634
1386 1442
2276 2277
2600 2601
1248 1249
2989 3045
1636 1692
985 1041
1552 1553
2105 2106
1554 1555
2593 2649
397 453
1112 1113
102 103
520 521
1970 1971
2194 2250
1818 1819
1893 1949
1957 1958
1851 1852
2014 2070
2516 2572
1958 2014
884 940
1164 1165
696 697
1054 1055
1747 1803
1105 1106
672 728
632 633
1299 1300
2105 2161
1725 1781
1977 1978
681 737
2601 2657
144 145
1395 1451
549 550
1833 1834
648 649
2193 2249
2060 2061
1015 1071
1061 1117
2258 2314
2244 2245
190 246
1452 1453
935 991
1846 1902
2579 2635
108 164
1055 1111
2015 2071
1792 1848
921 977
1251 1252
492 548
1413 1414
1832 1833
1013 1014
586 642
2541 2597
688 744
1930 1986
2362 2363
815 871
2016 2072
3075 3131
2109 2110
1298 1299
371 372
2995 3051
2088 2089
1560 1561
2899 2900
2661 2662
93 149
1212 1213
2354 2355
2932 2988
1782 1783
2556 2557
986 987
2052 2108
2569 2570
1590 1591
1950 2006
1160 1216
2806 2862
1664 1720
1641 1697
2784 2840
2344 2400
1619 1675
759 815
2460 2461
1200 1201
748 804
2589 2645
1931 1932
2991 3047
2744 2800
2129 2130
2733 2734
822 823
721 777
1255 1311
2603 2659
2019 2075
1059 1115
2014 2015
1105 1161
253 309
844 900
2497 2553
1753 1754
1518 1574
1597 1653
1426 1482
2002 2058
3013 3069
1039 1095
2330 2331
846 902
2175 2176
1997 1998
1562 1563
399 400
1932 1988
806 862
668 669
2883 2884
361 417
2654 2655
27 28
266 267
2191 2247
2138 2194
2681 2737
2346 2402
14 70
2993 3049
1 57
540 541
985 986
2887 2943
1643 1699
2975 3031
269 325
160 216
2157 2213
31 87
606 607
500 501
2106 2107
644 645
1316 1317
2712 2768
1810 1866
820 876
19 75
716 717
655 711
1183 1184
1545 1601
1485 1486
1814 1815
2065 2066
1046 1102
1396 1397
1872 1928
1606 1662
1330 1386
932 988
239 295
1121 1122
1906 1962
889 945
2559 2615
2830 2886
1521 1577
1438 1439
714 770
934 935
426 482
483 539
1127 1183
1107 1163
1307 1363
2494 2550
926 982
1411 1467
2574 2630
2546 2547
1397 1453
2570 2626
2862 2918
3072 3128
2277 2333
1784 1840
1538 1594
2453 2509
932 933
825 826
172 228
2483 2539
1252 1308
40 41
2124 2180
1653 1654
368 424
2426 2482
2834 2890
197 253
448 504
417 418
229 285
223 279
813 814
2 58
1266 1267
330 331
2377 2433
2007 2063
372 428
2738 2794
2037 2038
2572 2573
124 180
2033 2089
1459 1460
2331 2332
3073 3129
2969 3025
870 871
2756 2757
1144 1145
3066 3067
2132 2133
931 987
2999 3000
1202 1203
1712 1768
2821 2822
3078 3079
2660 2661
1102 1103
406 407
1811 1867
1559 1615
494 495
999 1055
613 614
2459 2515
1585 1641
1114 1115
728 784
2747 2803
2881 2882
1257 1313
837 893
603 604
965 1021
1710 1711
3087 3088
1688 1744
2480 2481
1359 1360
1376 1377
1831 1887
88 89
496 497
2586 2587
1069 1125
298 299
2420 2476
2151 2207
2312 2313
2844 2900
132 133
1235 1291
2084 2140
2636 2692
1264 1265
2382 2438
2135 2136
2083 2139
949 1005
1427 1483
123 179
2726 2727
947 1003
2986 2987
1111 1167
1731 1787
2943 2944
775 831
2302 2358
2003 2059
2144 2200
2355 2411
700 756
2012 2013
572 628
580 581
1546 1602
1699 1755
2634 2635
2758 2814
2735 2736
167 223
2888 2889
2653 2654
2236 2237
457 458
2838 2894
601 657
129 130
1809 1810
365 421
2252 2308
773 829
140 141
3040 3096
1323 1324
799 855
1249 1250
205 261
733 789
1318 1319
1612 1668
796 852
1329 1330
139 195
2167 2168
2338 2339
752 808
2485 2541
1362 1418
887 888
704 705
662 663
1940 1996
1762 1818
2652 2708
1902 1958
1268 1269
699 700
2611 2667
971 972
2546 2602
2367 2423
2354 2410
703 759
104 160
3118 3119
63 119
1435 1491
2936 2937
469 525
1441 1497
2976 2977
620 676
2778 2779
2020 2076
1196 1197
2609 2610
2674 2730
2357 2358
1915 1971
1778 1779
2853 2909
2073 2074
293 349
1069 1070
2042 2043
2551 2552
1748 1804
243 244
2696 2752
474 475
1990 2046
185 186
1360 1361
2722 2778
1157 1158
2058 2114
1614 1615
2399 2455
2602 2603
2394 2395
2123 2179
1757 1758
1037 1093
2687 2688
1045 1046
532 588
517 573
2261 2262
105 106
1082 1138
1820 1876
1936 1937
491 492
2715 2716
1248 1304
1868 1869
488 489
2410 2466
255 256
653 654
760 816
1123 1179
2244 2300
2625 2681
3077 3078
2426 2427
2675 2731
3103 3104
1077 1133
2085 2141
1735 1736
951 1007
1218 1219
2308 2364
1027 1083
1459 1515
2256 2312
2120 2176
1758 1759
384 440
38 94
1121 1177
2908 2909
1463 1464
2706 2762
2511 2512
1690 1746
1966 1967
1398 1454
2055 2056
345 346
2054 2110
172 173
67 68
1575 1631
219 220
1607 1608
1143 1144
2370 2426
2564 2620
1319 1320
2249 2305
1964 2020
2954 3010
1295 1351
555 611
1446 1447
1276 1332
1744 1745
894 895
1131 1132
1483 1484
642 643
879 880
1323 1379
2517 2518
976 977
2892 2948
1629 1630
1099 1100
512 513
869 870
2588 2644
2937 2938
1470 1471
1518 1519
2026 2027
2849 2850
1477 1478
1656 1712
1893 1894
2793 2794
1536 1592
1785 1841
118 174
170 171
1343 1399
631 687
2543 2544
343 344
2707 2708
217 218
201 202
2660 2716
1169 1170
1390 1391
2245 2301
1043 1099
1201 1257
2377 2378
1993 1994
38 39
3056 3112
1588 1644
3074 3075
2926 2927
745 746
942 943
2796 2797
1860 1916
1759 1815
322 323
1756 1812
2247 2248
2064 2065
830 886
962 1018
1075 1076
282 283
1881 1882
389 390
1887 1943
1989 2045
1753 1809
2810 2866
2461 2462
2529 2585
432 433
1622 1623
2080 2136
1465 1521
311 312
303 304
3068 3124
2598 2599
610 666
393 394
708 764
2205 2261
2885 2886
3131 3132
449 450
2819 2820
904 960
30 86
2004 2005
385 386
478 534
2841 2897
1666 1667
2829 2830
216 217
1479 1480
2182 2183
2033 2034
2164 2220
777 778
1250 1251
9 10
2148 2204
177 178
3134 3135
2967 3023
107 108
1864 1865
2645 2646
48 104
1502 1558
1868 1924
1207 1263
2988 3044
669 670
2141 2142
15 16
898 954
460 516
741 797
871 927
3035 3091
154 155
2910 2966
1375 1376
3129 3130
836 837
2735 2791
1086 1087
808 809
1494 1495
57 113
1800 1801
2876 2877
1948 1949
706 707
845 846
1984 2040
2480 2536
821 877
2871 2872
1174 1230
232 233
2249 2250
468 524
958 1014
1862 1918
2212 2213
3053 3109
862 918
12 68
1928 1929
647 648
241 297
1135 1136
2678 2679
2169 2225
2801 2857
2862 2863
1744 1800
3104 3105
432 488
2109 2165
1379 1435
1084 1085
2425 2426
2492 2548
2491 2547
542 598
1542 1598
2017 2073
3107 3108
874 875
2437 2493
357 413
1570 1626
2359 2415
792 793
179 180
526 582
247 248
2069 2070
1104 1160
1234 1235
324 325
1481 1482
2371 2372
2269 2325
1754 1755
2703 2759
585 641
1728 1784
2948 2949
2051 2107
1467 1523
805 861
2013 2014
826 882
930 931
621 677
423 479
1896 1952
1870 1926
2866 2867
1070 1071
3051 3107
2458 2514
1836 1837
292 293
946 947
781 837
456 512
1414 1415
1913 1969
1599 1600
20 76
2597 2653
2929 2985
1793 1794
1667 1723
203 204
3067 3068
739 740
3057 3058
911 967
2127 2128
791 792
471 527
2385 2441
272 328
2932 2933
883 939
1691 1692
1819 1820
2009 2010
430 431
1590 1646
2202 2203
1278 1279
2975 2976
1678 1679
2544 2600
1605 1661
1372 1373
2226 2282
878 879
466 522
2685 2741
1469 1525
1961 1962
944 1000
1276 1277
350 406
424 480
827 883
1348 1404
1944 1945
1304 1360
1917 1973
1929 1930
3098 3099
2840 2896
1657 1713
1296 1297
3091 3092
1578 1634
1331 1387
524 580
2472 2473
1441 1442
2311 2367
192 193
2537 2593
278 334
790 791
922 978
2921 2922
2364 2365
803 859
180 181
1950 1951
2515 2516
391 392
96 97
359 360
1920 1976
956 957
1078 1079
2241 2297
1492 1548
747 803
1673 1729
850 851
25 81
801 802
3006 3007
1383 1439
2405 2406
1636 1637
2732 2733
2610 2666
888 944
1925 1926
1880 1881
2023 2079
1764 1765
2630 2631
1165 1221
591 592
856 912
1001 1057
249 305
386 387
950 951
623 679
1110 1166
886 887
2113 2114
2492 2493
603 659
2740 2796
2523 2524
2341 2342
1821 1877
513 514
349 350
1397 1398
371 427
1509 1565
2441 2497
46 102
49 105
237 238
996 997
1602 1658
136 192
182 183
673 674
2118 2119
2298 2299
471 472
2571 2572
1739 1740
2464 2520
1962 2018
1822 1823
1065 1121
203 259
2725 2781
1143 1199
204 260
2644 2700
1067 1123
1592 1593
2951 2952
850 906
1478 1479
1835 1891
3004 3005
409 465
969 1025
1510 1511
348 404
2761 2817
1341 1397
552 553
2620 2676
121 122
2922 2978
2521 2522
2641 2642
671 727
737 793
1701 1757
702 758
1841 1897
2799 2855
1952 2008
678 679
94 150
1849 1850
224 280
2621 2677
117 118
2068 2069
1333 1389
194 195
2046 2102
1620 1676
31 32
1981 2037
1221 1222
1612 1613
234 290
895 951
1491 1492
3054 3055
2193 2194
1618 1674
1289 1345
1581 1637
380 436
1911 1967
660 661
2394 2450
1743 1744
2284 2340
2029 2085
2192 2193
883 884
2148 2149
1970 2026
1754 1810
214 215
529 585
938 994
1429 1430
936 992
1598 1599
802 858
1963 1964
2217 2273
916 972
1283 1339
1804 1805
75 76
1551 1552
771 827
1420 1421
1233 1289
2780 2781
957 1013
1875 1931
2523 2579
1115 1171
629 685
707 708
1416 1472
2241 2242
1216 1272
1882 1883
2689 2745
899 955
87 143
2796 2852
2857 2858
2488 2544
1362 1363
147 148
2334 2390
2125 2181
612 613
622 623
2091 2147
666 722
2909 2910
381 382
1337 1393
2724 2780
712 768
483 484
2045 2046
2789 2845
1165 1166
3084 3085
370 426
578 634
444 500
1224 1225
2754 2810
7 8
795 851
2956 3012
281 282
1694 1695
2859 2860
992 993
1421 1477
1493 1549
188 189
253 254
534 590
1355 1356
1614 1670
497 553
2159 2160
2728 2784
1606 1607
1146 1147
936 937
1734 1790
2055 2111
1070 1126
2994 3050
301 302
1358 1359
927 983
1425 1426
1540 1541
2632 2688
722 778
2935 2936
199 255
2962 2963
1072 1073
447 448
2179 2180
2289 2345
181 182
2899 2955
907 963
90 146
1364 1420
1961 2017
2985 2986
2856 2912
323 324
2603 2604
2007 2008
2873 2874
2679 2680
943 999
1274 1330
1741 1797
1093 1094
369 425
779 780
84 140
710 766
2676 2677
1410 1466
325 381
1186 1242
115 171
3058 3114
1346 1347
2430 2486
1671 1672
601 602
1068 1069
464 465
167 168
3044 3100
1976 2032
692 693
1320 1376
1378 1434
1644 1645
1258 1314
528 529
912 913
2396 2452
2281 2337
1533 1534
677 678
2082 2083
1305 1361
2508 2509
2855 2911
2769 2770
513 569
1642 1643
2111 2167
357 358
2745 2801
2792 2848
1184 1185
968 1024
663 719
2317 2318
912 968
429 485
1031 1087
1607 1663
2209 2210
306 362
1577 1578
125 126
691 747
1071 1127
768 824
2136 2192
270 271
1959 2015
533 534
2952 2953
1889 1945
982 1038
1883 1939
316 317
599 655
2849 2905
584 640
1173 1229
178 234
126 127
1090 1146
2450 2451
1876 1877
2826 2827
965 966
1732 1733
2156 2157
1001 1002
2500 2501
1436 1437
1513 1569
828 884
1460 1516
218 274
258 259
2489 2490
1431 1432
543 599
628 684
1828 1829
3018 3074
2590 2646
404 460
1410 1411
1549 1605
2213 2214
830 831
793 794
1934 1990
2569 2625
1548 1549
568 624
1295 1296
1453 1509
1870 1871
833 834
1530 1531
3080 3136
377 378
573 629
2485 2486
165 221
2711 2712
2078 2134
822 878
729 730
2577 2578
1720 1776
1610 1666
2467 2468
1166 1222
2457 2458
2646 2702
2455 2456
2667 2723
2751 2752
632 688
1892 1948
2811 2812
770 826
2781 2837
1011 1012
1235 1236
1434 1490
2673 2674
2918 2974
2208 2264
2471 2472
984 1040
2184 2240
76 132
864 865
2326 2327
311 367
2712 2713
2237 2293
2397 2453
2021 2077
610 611
2387 2443
1201 1202
2247 2303
2967 2968
1630 1631
2998 3054
719 775
428 484
1170 1226
2398 2454
2160 2161
1709 1710
1875 1876
2513 2569
413 414
59 115
893 894
1845 1846
1780 1836
1390 1446
1980 2036
1371 1372
1094 1095
1939 1940
1608 1664
2060 2116
1019 1020
637 693
868 924
2709 2765
679 680
2986 3042
1448 1449
2152 2153
1912 1968
2035 2036
332 388
54 55
714 715
2808 2809
491 547
481 482
902 958
2346 2347
2648 2704
2468 2524
1697 1753
2865 2921
2290 2346
326 382
800 801
1709 1765
1894 1895
2158 2159
636 692
2001 2002
718 719
470 526
2391 2392
302 303
92 93
244 300
2832 2888
2782 2783
251 307
1374 1375
2561 2562
1526 1582
2200 2256
438 439
2989 2990
1334 1390
144 200
717 718
675 731
2847 2848
2508 2564
2094 2095
2940 2941
127 183
1474 1475
1383 1384
1345 1401
210 211
548 549
2525 2581
2432 2433
2039 2095
676 677
505 561
1065 1066
563 564
1215 1216
135 191
1266 1322
415 416
2177 2233
2702 2703
2851 2852
405 461
1852 1853
1282 1283
1401 1402
2900 2901
1692 1748
759 760
2896 2897
2114 2170
1398 1399
15 71
1447 1448
300 301
2423 2479
536 592
1926 1927
301 357
1854 1855
359 415
145 146
2363 2364
2732 2788
29 85
35 36
2664 2720
547 603
1071 1072
1766 1767
2428 2484
778 834
1671 1727
2499 2555
593 649
917 973
1494 1550
1116 1172
507 508
2079 2080
815 816
65 66
526 527
1817 1873
2407 2408
1111 1112
2072 2128
2231 2287
2662 2718
347 348
1889 1890
2027 2083
1348 1349
1028 1084
2598 2654
2535 2536
527 528
772 828
2432 2488
2616 2617
2210 2211
367 368
2991 2992
604 660
2972 3028
2526 2527
3040 3041
1765 1766
1258 1259
2610 2611
986 1042
1178 1179
2223 2224
2970 3026
1594 1595
2859 2915
1560 1616
1419 1420
2071 2127
1118 1119
1645 1701
13 69
140 196
727 783
2419 2420
1308 1309
1022 1023
970 1026
1884 1940
3030 3031
2369 2370
2454 2455
2830 2831
1357 1413
1559 1560
186 187
1156 1212
42 98
2421 2422
401 402
1686 1742
931 932
2694 2695
1342 1398
774 830
2907 2908
1340 1396
1091 1092
313 314
2011 2012
179 235
1773 1774
760 761
2338 2394
2292 2293
2265 2321
1284 1285
1485 1541
2543 2599
2607 2663
2307 2363
1936 1992
849 850
1267 1268
1571 1572
2351 2352
2505 2561
2748 2749
2704 2705
1932 1933
2275 2331
50 51
503 504
330 386
3032 3088
905 906
395 396
53 54
262 318
1566 1567
364 420
1273 1329
2295 2296
2819 2875
591 647
485 541
2762 2763
2178 2234
1837 1838
962 963
1501 1502
2468 2469
2530 2586
1221 1277
3052 3108
2554 2555
1124 1125
1162 1163
108 109
1125 1126
1417 1418
2876 2932
2755 2811
2435 2436
1572 1573
2921 2977
2498 2499
1901 1902
89 145
1489 1545
553 554
2555 2556
1918 1919
741 742
230 231
1907 1908
568 569
2375 2431
1011 1067
2884 2940
1794 1795
524 525
2587 2643
1099 1155
861 862
2941 2997
2230 2231
1663 1719
355 411
1820 1821
2089 2090
571 572
438 494
2293 2349
1634 1690
2224 2225
750 806
2475 2476
2550 2551
2903 2904
1676 1677
1974 2030
2309 2365
659 715
1829 1830
565 566
1327 1383
1063 1064
152 208
2867 2868
1933 1989
1488 1544
3025 3026
184 240
2820 2821
1038 1039
1486 1487
494 550
2824 2880
2574 2575
825 881
1153 1154
1302 1358
2677 2733
2740 2741
273 329
1724 1725
2506 2507
343 399
2507 2563
288 289
1742 1743
375 376
520 576
1746 1802
2575 2576
366 422
569 570
2256 2257
106 162
1163 1219
312 368
131 187
1830 1831
598 654
1673 1674
2911 2967
770 771
2707 2763
1591 1647
2209 2265
1115 1116
2947 3003
737 738
507 563
2806 2807
192 248
1882 1938
2720 2721
2005 2061
207 263
2482 2538
744 745
1314 1315
1581 1582
848 904
91 92
780 781
2221 2277
1763 1764
244 245
1957 2013
2547 2603
923 924
1062 1118
2324 2380
1749 1805
2955 2956
1914 1915
1174 1175
1430 1431
838 894
614 615
704 760
472 473
3015 3071
2601 2602
2662 2663
1194 1195
542 543
467 468
158 159
2576 2632
2092 2093
1617 1618
1791 1847
44 100
3020 3021
3120 3121
2475 2531
91 147
1226 1227
2418 2419
2250 2306
2504 2560
858 914
3000 3001
1675 1731
2812 2813
1463 1519
2791 2792
560 616
173 229
2779 2835
2925 2926
1393 1394
2425 2481
464 520
2274 2275
361 362
841 842
463 519
1361 1362
866 867
2906 2907
1060 1116
11 67
721 722
2406 2462
1280 1281
1381 1382
765 766
165 166
1958 1959
577 578
2828 2884
2309 2310
2136 2137
2752 2753
2515 2571
2424 2480
1029 1085
960 961
1190 1246
1573 1629
1585 1586
783 784
2809 2865
1237 1293
711 767
2155 2156
1784 1785
1954 2010
120 176
2664 2665
2686 2742
3065 3066
159 160
2747 2748
990 991
2972 2973
2558 2614
16 17
1640 1641
2061 2117
1057 1058
607 608
1502 1503
2146 2147
998 1054
1010 1011
287 343
780 836
1564 1565
1109 1165
2068 2124
1440 1496
398 399
2318 2319
2150 2206
1955 2011
200 201
1988 2044
111 167
746 802
1788 1844
1787 1788
256 312
2163 2164
163 219
2901 2957
285 341
1782 1838
1415 1416
1850 1906
2424 2425
2149 2150
1264 1320
2581 2582
710 711
695 751
90 91
558 559
2835 2891
1227 1228
1493 1494
3106 3107
235 291
2695 2696
2866 2922
2963 2964
410 466
1801 1802
1048 1049
2552 2553
449 505
674 675
442 498
1037 1038
740 796
1444 1445
450 506
1055 1056
2379 2380
1584 1585
3005 3006
1914 1970
1451 1507
1498 1499
2340 2396
1157 1213
1171 1172
156 212
220 276
2083 2084
3038 3094
2311 2312
1117 1118
814 870
680 736
1655 1711
873 929
867 868
1319 1375
9 65
2242 2298
1633 1634
1610 1611
1884 1885
928 929
1692 1693
1021 1077
1498 1554
227 228
166 167
2351 2407
3003 3004
2769 2825
768 769
1734 1735
500 556
2440 2496
2990 2991
2833 2889
1228 1284
1999 2000
2854 2910
487 543
1676 1732
2325 2381
1080 1136
1847 1848
1660 1661
2573 2574
2082 2138
445 501
364 365
2825 2881
2968 3024
635 636
834 890
1365 1421
1136 1192
1443 1499
1449 1450
782 783
2376 2432
587 643
2600 2656
2554 2610
1149 1205
2565 2566
1838 1839
2326 2382
2858 2859
1937 1993
1953 2009
900 956
664 665
2580 2636
1984 1985
1009 1065
2971 3027
1223 1224
2229 2230
648 704
99 100
2951 3007
872 873
2794 2850
1124 1180
1367 1368
41 42
176 177
2235 2291
688 689
617 618
1808 1864
347 403
637 638
1986 1987
1308 1364
1363 1364
1350 1406
1595 1651
246 302
2187 2188
1863 1919
2631 2632
2799 2800
2095 2151
57 58
1573 1574
875 876
868 869
2327 2328
254 310
530 586
753 754
2884 2885
1759 1760
908 964
534 535
3064 3120
2647 2648
2749 2805
1044 1045
422 423
2618 2619
221 277
4 60
71 72
951 952
2892 2893
5 61
740 741
2900 2956
1992 1993
683 739
1088 1144
465 466
2897 2898
271 272
2997 3053
2798 2799
870 926
967 968
2524 2525
3083 3084
14 15
1539 1540
1532 1588
3008 3009
2882 2883
2095 2096
2829 2885
515 571
2593 2594
1639 1695
121 177
630 686
3057 3113
1352 1408
423 424
566 567
2555 2611
954 955
2977 2978
545 601
2786 2787
2765 2766
2562 2618
2869 2925
2860 2916
1733 1789
1387 1443
1244 1300
2339 2395
3017 3073
1717 1773
1938 1939
608 664
2162 2218
2227 2283
1339 1340
231 287
299 300
1871 1927
3109 3110
2381 2437
1823 1824
3027 3083
2622 2623
2323 2324
47 103
920 976
276 277
452 508
906 962
1022 1078
1134 1135
1476 1532
2350 2351
2752 2808
1132 1188
105 161
1241 1297
2724 2725
2376 2377
1338 1339
1324 1380
1300 1301
2223 2279
1391 1447
1243 1244
1892 1893
2777 2833
322 378
416 472
1198 1199
865 866
2771 2772
309 365
2195 2251
1589 1590
1018 1074
1623 1624
2466 2522
764 765
1933 1934
2448 2449
2132 2188
847 903
146 147
547 548
1239 1295
1148 1204
1903 1959
2507 2508
1986 2042
327 383
1392 1448
2465 2466
1389 1390
616 672
2379 2435
716 772
1026 1082
2065 2121
644 700
2321 2322
2165 2221
1940 1941
983 984
2863 2919
2448 2504
2950 3006
43 44
1738 1794
3114 3115
571 627
269 270
2955 3011
1651 1707
776 777
151 152
1403 1404
1635 1636
2374 2430
64 120
46 47
1863 1864
2651 2652
495 496
518 519
2177 2178
2708 2709
2032 2033
1729 1785
413 469
641 642
1231 1287
137 138
1325 1381
3011 3067
56 112
2553 2609
882 883
1495 1496
788 789
62 63
2898 2954
1243 1299
1621 1677
2957 2958
238 294
1848 1904
2894 2950
1252 1253
1272 1273
1374 1430
2411 2467
2836 2837
1314 1370
1895 1951
1842 1898
1259 1260
2439 2495
569 625
1951 1952
1878 1934
1580 1581
1442 1498
280 336
2774 2775
499 500
1332 1333
1726 1727
148 149
3036 3037
954 1010
489 545
684 740
174 230
10 11
1668 1669
2905 2906
692 748
1072 1128
1783 1784
1921 1922
119 175
514 570
376 432
783 839
2038 2094
2649 2650
286 287
2817 2818
1756 1757
2774 2830
1822 1878
933 989
2110 2166
180 236
1943 1999
3039 3095
1132 1133
1696 1697
1479 1535
2716 2717
130 186
222 278
1637 1693
2944 2945
1188 1189
304 305
1262 1263
30 31
1580 1636
2795 2796
1755 1756
16 72
2283 2284
2043 2044
2519 2575
2195 2196
2423 2424
2022 2023
3006 3062
1574 1630
1550 1606
1537 1538
839 895
1341 1342
1409 1410
947 948
901 957
1388 1389
86 142
2790 2791
2709 2710
1214 1215
2292 2348
2359 2360
2776 2832
2936 2992
212 213
2714 2715
1888 1944
762 818
2210 2266
2987 2988
455 456
2368 2424
1927 1928
2139 2195
149 150
162 163
1816 1817
305 306
94 95
2178 2179
2917 2918
2403 2404
2197 2253
2087 2143
1113 1114
2736 2792
3130 3131
2947 2948
1659 1715
2437 2438
2814 2870
2213 2269
1353 1409
1566 1622
440 441
2315 2316
2961 2962
2668 2724
625 681
1869 1925
2194 2195
1177 1233
1800 1856
1428 1484
2887 2888
1490 1491
476 477
2228 2229
2628 2629
206 262
218 219
1126 1127
3043 3099
1142 1198
1371 1427
2255 2256
885 886
2314 2315
239 240
904 905
1044 1100
1346 1402
2273 2329
2144 2145
2657 2713
2121 2122
2612 2668
2683 2684
2802 2858
2686 2687
816 817
2680 2681
3047 3103
2034 2035
1270 1271
3034 3090
2509 2565
2301 2302
512 568
1389 1445
2078 2079
1102 1158
694 750
1761 1817
2229 2285
106 107
1278 1334
1584 1640
420 476
1312 1313
72 128
1669 1725
806 807
659 660
2535 2591
2814 2815
730 786
363 364
195 251
337 393
1998 2054
2452 2508
1163 1164
2785 2786
2041 2042
338 394
1685 1686
1270 1326
1596 1597
656 657
908 909
2721 2777
1663 1664
2934 2935
243 299
2931 2987
2444 2445
1384 1440
2422 2423
3116 3117
1975 1976
1706 1707
1546 1547
157 213
1301 1357
1096 1152
2222 2278
1004 1005
321 322
315 371
602 603
1619 1620
3043 3044
2956 2957
2273 2274
1898 1954
2302 2303
2384 2440
1480 1536
1576 1632
582 638
519 520
2659 2660
456 457
2164 2165
1758 1814
2413 2469
979 1035
1508 1509
917 918
2923 2924
1085 1086
660 716
2180 2181
1703 1759
961 962
502 558
753 809
3112 3113
2592 2593
2654 2710
2875 2876
1988 1989
1626 1627
2211 2212
1877 1933
429 430
1790 1791
2536 2592
2591 2592
1523 1579
2303 2359
790 846
2473 2529
2982 2983
2031 2032
1548 1604
412 468
2631 2687
207 208
2920 2921
2658 2659
1505 1561
3062 3063
96 152
1938 1994
1685 1741
1098 1154
1345 1346
1592 1648
2204 2260
1835 1836
977 1033
1041 1097
2323 2379
2534 2590
383 439
1545 1546
1108 1164
3132 3133
1275 1276
2697 2698
2790 2846
1899 1900
2698 2754
964 965
2739 2795
2519 2520
2550 2606
736 737
1260 1261
1749 1750
215 271
3090 3091
955 1011
459 460
3030 3086
2176 2232
1684 1740
1865 1866
1292 1348
1583 1639
2104 2105
1879 1935
701 702
2163 2219
1648 1649
257 313
1803 1859
1806 1862
2913 2914
2924 2980
2802 2803
2629 2685
437 438
1083 1084
829 830
2368 2369
433 489
1336 1392
2801 2802
252 308
1396 1452
1788 1789
566 622
1464 1465
2122 2178
2684 2740
1139 1140
1017 1018
807 808
824 825
540 596
380 381
6 7
408 409
1821 1822
2565 2621
781 782
209 210
1027 1028
1635 1691
1769 1825
155 156
1665 1666
2026 2082
779 835
2509 2510
2002 2003
1244 1245
2657 2658
748 749
2219 2275
424 425
1051 1107
1377 1433
940 941
389 445
2173 2229
1079 1135
693 694
80 81
1260 1316
1687 1743
69 125
1638 1694
2405 2461
1885 1941
2630 2686
2032 2088
1690 1691
64 65
1665 1721
134 135
2345 2401
487 488
451 507
2957 3013
919 975
2861 2862
724 725
796 797
341 397
2966 3022
2243 2299
1303 1359
1085 1141
2663 2719
1450 1506
1661 1662
1109 1110
873 874
1375 1431
2530 2531
2818 2874
1289 1290
1090 1091
1869 1870
3022 3078
1457 1513
2566 2567
2970 2971
546 602
1714 1770
178 179
2358 2359
2191 2192
1012 1013
469 470
1322 1323
1104 1105
503 559
356 357
1185 1186
2117 2173
2429 2485
2260 2261
1353 1354
1020 1021
289 345
1468 1524
3033 3034
608 609
685 741
857 913
1842 1843
304 360
261 317
1269 1270
2175 2231
897 898
602 658
82 138
929 930
290 346
2689 2690
1774 1775
2940 2996
1681 1737
2010 2066
114 170
77 78
215 216
193 249
23 79
2380 2436
1978 2034
2254 2310
950 1006
1542 1543
2545 2601
2001 2057
2131 2187
1478 1534
1973 2029
1158 1214
934 990
810 866
351 352
669 725
2873 2929
154 210
2077 2078
3081 3082
2018 2074
2939 2940
2594 2650
2658 2714
820 821
1367 1423
1453 1454
2804 2805
1318 1374
607 663
2625 2626
1464 1520
902 903
743 744
1740 1796
2586 2642
48 49
24 80
2115 2116
1175 1176
1298 1354
1013 1069
1432 1488
2008 2064
1562 1618
1962 1963
3059 3060
2817 2873
2666 2722
1696 1752
1507 1563
110 166
634 690
1203 1259
2053 2109
318 374
81 137
476 532
620 621
2170 2171
2760 2816
3000 3056
1547 1603
791 847
2442 2498
2340 2341
1807 1808
3009 3010
1003 1059
1711 1712
541 597
1579 1635
2793 2849
1229 1285
1847 1903
2549 2605
1937 1938
2823 2879
188 244
2134 2135
34 90
2024 2025
328 384
2201 2257
430 486
2815 2816
2115 2171
2973 2974
462 463
2890 2946
2279 2335
41 97
2742 2743
1707 1763
360 361
927 928
1874 1875
2218 2274
2585 2641
1751 1752
1859 1860
2917 2973
2265 2266
1648 1704
1593 1649
1457 1458
763 819
1579 1580
1049 1050
638 639
1096 1097
1704 1705
1351 1352
2159 2215
163 164
785 786
1616 1672
2743 2744
44 45
3066 3122
2984 3040
1629 1685
240 296
1907 1963
874 930
2768 2769
1859 1915
2327 2383
1288 1344
2013 2069
811 812
853 909
2845 2846
2683 2739
1060 1061
2635 2691
141 142
3031 3087
604 605
1967 1968
326 327
2531 2587
256 257
1363 1419
789 845
2466 2467
1403 1459
379 380
561 562
2916 2972
198 254
1887 1888
1994 2050
1695 1696
2297 2353
1855 1856
1423 1479
2320 2376
1513 1514
2741 2742
83 84
113 114
3060 3116
2235 2236
1923 1979
352 408
339 395
899 900
1909 1910
1135 1191
1672 1728
1799 1855
1674 1730
250 251
308 309
3019 3020
2222 2223
479 535
889 890
2081 2082
2966 2967
334 335
2782 2838
2143 2144
2297 2298
2283 2339
2495 2551
511 567
3058 3059
588 644
2850 2906
1814 1870
1402 1403
378 434
321 377
2274 2330
2619 2675
2137 2138
1407 1463
329 330
1369 1425
2656 2712
2922 2923
1048 1104
2153 2209
535 591
627 683
723 779
1942 1943
2006 2007
2182 2238
2207 2208
1204 1205
113 169
2627 2628
1642 1698
756 812
539 595
1615 1671
1181 1182
2361 2362
2390 2446
2004 2060
2592 2648
1075 1131
1175 1231
885 941
1330 1331
1682 1738
2077 2133
2012 2068
1471 1472
1347 1403
1059 1060
1953 1954
2071 2072
66 67
457 513
1730 1786
730 731
1810 1811
336 392
1921 1977
2154 2210
2335 2391
1677 1678
370 371
147 203
739 795
407 463
1786 1787
2754 2755
1625 1626
1213 1269
527 583
2107 2163
997 1053
2216 2217
1195 1251
2731 2787
2871 2927
1134 1190
2737 2738
273 274
1533 1589
1761 1762
378 379
2145 2146
2192 2248
1180 1236
584 585
2721 2722
937 993
2390 2391
1382 1438
1651 1652
1770 1771
7 63
2539 2595
983 1039
1564 1620
1755 1811
2170 2226
22 78
1819 1875
88 144
705 706
2907 2963
1120 1176
42 43
1532 1533
2606 2662
915 971
1929 1985
1454 1455
2067 2068
1236 1292
2813 2869
1715 1716
444 445
1497 1553
715 716
953 954
694 695
2583 2584
441 442
1033 1034
349 405
2885 2941
1180 1181
1006 1062
1267 1323
2928 2984
924 980
1620 1621
699 755
1016 1017
1867 1868
2608 2664
1601 1602
643 699
2634 2690
285 286
183 184
202 258
2378 2434
595 651
1979 1980
991 1047
2701 2757
1886 1887
2145 2201
1777 1778
151 207
2294 2295
1655 1656
1699 1700
2944 3000
1051 1052
402 403
2360 2416
2140 2196
687 688
976 1032
3019 3075
777 833
1718 1774
1552 1608
1198 1254
3016 3017
2759 2760
2599 2600
1257 1258
1841 1842
61 62
952 1008
2307 2308
1760 1816
2762 2818
1133 1134
2615 2616
2795 2851
1322 1378
757 813
2679 2735
2958 2959
1445 1446
1798 1854
1769 1770
1482 1538
2160 2216
2046 2047
1508 1564
1662 1718
2056 2057
2156 2212
1483 1539
605 606
3012 3068
2477 2478
149 205
2693 2749
332 333
570 571
1364 1365
2717 2718
559 615
2888 2944
1763 1819
242 243
910 911
831 832
268 269
1553 1554
2413 2414
251 252
2134 2190
3082 3083
2773 2829
877 878
1521 1522
1343 1344
1997 2053
1052 1108
751 752
1605 1606
295 351
2677 2678
1461 1462
2608 2609
37 93
1678 1734
331 332
2243 2244
324 380
1152 1153
2333 2334
1985 1986
2074 2130
2025 2081
467 523
605 661
254 255
898 899
1107 1108
1511 1512
2198 2199
2854 2855
1428 1429
1349 1405
2417 2473
2020 2021
1226 1282
2861 2917
249 250
39 95
414 470
468 469
2846 2902
1087 1143
2112 2113
1018 1019
2720 2776
1721 1722
337 338
3014 3015
1854 1910
1342 1343
2602 2658
1418 1474
1442 1443
1454 1510
2557 2558
1946 2002
1138 1194
787 788
1204 1260
1760 1761
155 211
2927 2983
2347 2348
2848 2904
170 226
2228 2284
1273 1274
2214 2270
1094 1150
1296 1352
1488 1489
1285 1341
1386 1387
1628 1684
1307 1308
809 810
2636 2637
1045 1101
427 428
1437 1438
2807 2808
1126 1182
1781 1782
1529 1585
2356 2357
2196 2252
197 198
1217 1218
52 53
1401 1457
1973 1974
2671 2727
1312 1368
1385 1441
1139 1195
909 910
2457 2513
1561 1617
1853 1854
1292 1293
1321 1322
142 143
1613 1614
2925 2981
1395 1396
1074 1075
2738 2739
1649 1650
522 578
2227 2228
2108 2164
732 788
1034 1090
2114 2115
755 811
8 9
2300 2301
2017 2018
1719 1720
2459 2460
2877 2933
966 967
832 888
2511 2567
1315 1371
2349 2350
793 849
1742 1798
2743 2799
2937 2993
3056 3057
3032 3033
2690 2746
761 762
1155 1156
911 912
1210 1211
33 34
201 257
2166 2222
162 218
1382 1383
268 324
2580 2581
1128 1129
1077 1078
3135 3136
2447 2448
40 96
2773 2774
420 421
1959 1960
1514 1570
1927 1983
11 12
3070 3126
2818 2819
157 158
738 794
1431 1487
3108 3109
208 209
2914 2970
2088 2144
626 627
2872 2928
246 247
2204 2205
100 156
1148 1149
2131 2132
2665 2666
886 942
363 419
649 650
1406 1407
999 1000
778 779
2734 2735
1210 1266
362 418
1281 1282
8 64
823 824
897 953
2353 2354
609 665
2542 2543
1826 1882
23 24
1287 1288
2048 2104
1311 1367
3076 3132
240 241
1098 1099
3023 3079
1702 1758
3097 3098
595 596
291 292
826 827
2268 2324
2086 2142
358 359
2096 2152
435 491
2979 3035
1193 1194
1922 1978
2548 2549
2903 2959
1424 1480
189 245
489 490
156 157
689 745
2000 2056
3029 3085
1285 1286
1158 1159
2496 2552
1838 1894
3065 3121
97 98
67 123
3105 3106
2248 2304
293 294
2562 2563
1168 1169
2224 2280
1173 1174
21 77
2839 2840
2416 2472
2061 2062
3095 3096
2745 2746
1473 1529
2727 2728
1394 1395
1042 1098
2577 2633
1803 1804
543 544
2112 2168
972 1028
627 628
1776 1832
1522 1523
598 599
445 446
73 74
2461 2517
650 651
2430 2431
1789 1790
3077 3133
374 375
2971 2972
1138 1139
1458 1459
1691 1747
1131 1187
1525 1581
2447 2503
1141 1142
2286 2342
1496 1552
989 1045
2893 2949
283 284
2375 2376
895 896
1824 1880
877 933
776 832
2197 2198
1275 1331
871 872
2933 2934
2158 2214
1896 1897
2548 2604
957 958
2737 2793
1830 1886
2295 2351
1388 1444
890 946
1609 1610
995 1051
1557 1613
2057 2113
2024 2080
1608 1609
1646 1702
128 184
1603 1604
2563 2619
1147 1148
1303 1304
2113 2169
284 285
3071 3072
344 345
133 189
997 998
3094 3095
2246 2247
2366 2422
2306 2362
2116 2172
2909 2965
1839 1895
1797 1853
4 5
2401 2402
288 344
2242 2243
1091 1147
1032 1088
3061 3062
2129 2185
2911 2912
1815 1816
910 966
1586 1587
3008 3064
1712 1713
1695 1751
259 315
415 471
2251 2252
1050 1051
2800 2856
1449 1505
360 416
727 728
2396 2397
2962 3018
2094 2150
1609 1665
84 85
2260 2316
858 859
1694 1750
2587 2588
214 270
2059 2060
2189 2245
722 723
490 491
2723 2724
1697 1698
1910 1911
1999 2055
958 959
2891 2947
225 281
695 696
2152 2208
863 864
1427 1428
2706 2707
1035 1091
2757 2758
3047 3048
2533 2589
1752 1808
565 621
667 723
1750 1806
831 887
810 811
1599 1655
1095 1096
2215 2216
6 62
2890 2891
2028 2029
1378 1379
2865 2866
255 311
2803 2804
76 77
71 127
1476 1477
2906 2962
1834 1835
312 313
1028 1029
2675 2676
991 992
665 721
187 243
1245 1246
3023 3024
3128 3129
145 201
690 691
674 730
2140 2141
2110 2111
2126 2182
996 1052
2097 2153
1987 2043
279 335
1917 1918
851 852
2788 2844
1679 1680
2410 2411
2111 2112
915 916
553 609
2864 2920
2575 2631
611 612
2896 2952
1220 1276
1481 1537
2259 2260
2246 2302
2672 2673
2864 2865
2965 2966
1033 1089
302 358
2949 2950
2590 2591
18 74
1238 1294
1918 1974
2959 2960
1435 1436
1525 1526
812 868
1837 1893
2469 2470
2090 2091
1572 1628
1856 1912
879 935
742 743
350 351
2348 2404
2953 2954
1023 1024
643 644
1543 1599
2759 2815
1268 1324
373 374
2266 2322
819 820
2330 2386
1460 1461
396 397
502 503
1705 1761
79 135
116 117
2643 2699
1775 1831
237 293
32 33
1081 1137
310 311
1261 1262
1764 1820
1081 1082
132 188
629 630
1331 1332
1790 1846
1470 1526
2142 2143
2270 2326
2080 2081
2047 2103
963 964
2910 2911
2942 2998
2537 2538
2366 2367
1452 1508
538 594
506 507
310 366
711 712
989 990
2216 2272
596 652
1097 1153
3073 3074
1723 1779
2633 2689
1762 1763
1786 1842
2500 2556
374 430
1313 1369
1063 1119
289 290
2470 2526
2886 2887
1068 1124
1230 1286
2028 2084
1568 1624
2920 2976
1014 1015
1880 1936
2578 2579
2821 2877
2783 2784
2015 2016
651 652
1195 1196
10 66
1740 1741
2122 2123
75 131
232 288
59 60
3042 3098
2982 3038
2624 2625
1178 1234
2731 2732
2186 2187
1000 1001
1005 1061
3133 3134
1873 1874
2981 3037
2106 2162
1025 1026
1900 1901
926 927
2619 2620
355 356
434 435
1637 1638
1945 1946
2872 2873
1407 1408
319 320
317 318
2269 2270
1177 1178
2054 2055
460 461
1057 1113
366 367
2084 2085
1506 1562
1881 1937
839 840
405 406
1466 1522
461 517
2128 2184
305 361
2172 2173
2422 2478
1817 1818
743 799
2446 2447
2401 2457
447 503
1422 1423
2373 2374
1861 1862
1197 1198
153 209
3070 3071
573 574
107 163
2976 3032
252 253
5 6
1640 1696
2172 2228
933 934
1200 1256
1156 1157
1350 1351
138 139
2373 2429
381 437
2462 2463
171 172
1301 1302
120 121
2051 2052
2489 2545
2380 2381
1799 1800
2682 2738
2294 2350
687 743
2690 2691
3035 3036
3014 3070
564 620
275 276
458 459
1335 1336
2198 2254
3036 3092
1976 1977
3063 3119
1224 1280
2070 2071
2477 2533
125 181
1985 2041
247 303
539 540
1443 1444
2653 2709
2365 2421
1166 1167
2979 2980
3115 3116
1333 1334
409 410
2930 2986
97 153
53 109
2352 2408
1812 1868
2733 2789
1688 1689
1511 1567
410 411
1238 1239
1430 1486
2974 3030
1798 1799
767 823
1242 1298
2350 2406
1951 2007
1650 1651
213 269
1019 1075
3041 3097
1446 1502
946 1002
1644 1700
2360 2361
2300 2356
109 165
2455 2511
2035 2091
377 433
1768 1769
1422 1478
1557 1558
2453 2454
298 354
2123 2124
1948 2004
1802 1803
2746 2802
2409 2410
2400 2456
1855 1911
652 708
2652 2653
242 298
1327 1328
303 359
1866 1922
2130 2131
169 225
2161 2217
1324 1325
1300 1356
73 129
1487 1543
1737 1738
631 632
26 27
2729 2730
1058 1114
773 774
1250 1306
2441 2442
300 356
668 724
589 645
1503 1559
267 323
2303 2304
138 194
1222 1223
2063 2064
2612 2613
2289 2290
32 88
477 478
1251 1307
1553 1609
95 151
2342 2343
3012 3013
1829 1885
194 250
642 698
20 21
387 443
2764 2765
1913 1914
2103 2104
1466 1467
519 575
1462 1518
2395 2451
1627 1628
944 945
2567 2568
2878 2934
1290 1291
2614 2615
1356 1412
2314 2370
1745 1746
735 736
342 398
1030 1086
1393 1449
562 563
1946 1947
1658 1714
1426 1427
953 1009
2454 2510
1774 1830
1073 1129
3 59
1007 1063
2183 2239
1925 1981
835 836
1702 1703
786 842
52 108
2280 2336
2337 2393
3005 3061
1888 1889
1025 1081
129 185
482 538
1066 1067
2291 2292
473 529
2693 2694
978 979
2023 2024
3021 3077
1499 1555
973 974
219 275
1041 1042
914 970
588 589
1554 1610
1866 1867
