6400 9606
1986 2066
5775 5776
1651 1652
1146 1226
371 451
3112 3192
4568 4648
5601 5602
1089 1090
6045 6125
4225 4226
5769 5849
3295 3375
6275 6276
3333 3413
2788 2868
6247 6327
1403 1483
4365 4445
3219 3220
4508 4509
91 171
4843 4923
1632 1712
4448 4449
5927 5928
5915 5916
407 408
165 245
3204 3284
5870 5950
249 250
3396 3397
1582 1662
2579 2580
3288 3289
1536 1616
4704 4705
405 406
753 833
4193 4194
4336 4416
2387 2467
4055 4056
4031 4111
377 457
4813 4814
75 155
1516 1517
2126 2206
3122 3202
3636 3637
5661 5741
6099 6179
459 539
1377 1457
4843 4844
145 146
2594 2595
1851 1852
2075 2155
2957 3037
825 905
1502 1582
926 1006
5171 5251
1064 1065
1271 1351
1012 1013
2398 2478
5613 5614
331 411
832 912
493 494
2331 2411
5531 5532
1043 1123
3226 3306
2466 2546
117 118
2224 2225
4696 4697
2129 2130
168 169
5444 5445
3216 3296
4555 4635
836 837
3753 3833
3630 3710
5355 5435
4657 4737
6290 6370
3131 3132
6228 6229
2074 2154
5816 5817
3782 3783
933 1013
6384 6385
430 431
5735 5815
3342 3422
5820 5900
476 556
3744 3824
3805 3806
1298 1378
5179 5259
3457 3537
3889 3969
1419 1420
748 749
6068 6069
3609 3610
3604 3684
1501 1581
18 98
4237 4238
3153 3233
2661 2662
3331 3332
4256 4257
3737 3738
1617 1618
1371 1451
4977 5057
6242 6322
3763 3843
6076 6156
5786 5866
4654 4655
2062 2142
5662 5742
5718 5798
2083 2163
4312 4392
1368 1448
2814 2894
2190 2270
1398 1478
4543 4544
2652 2653
1814 1815
5157 5158
5365 5445
5322 5323
2141 2142
1596 1597
4432 4512
2603 2683
2530 2531
1287 1288
5715 5716
5117 5197
5532 5612
1711 1791
1921 2001
1773 1853
3745 3746
4956 4957
3636 3716
2772 2852
5758 5838
4829 4909
4694 4695
4869 4949
1566 1567
378 379
2798 2799
2103 2104
334 335
4294 4295
6311 6391
5737 5817
5816 5896
3611 3691
2165 2245
4721 4801
664 665
3415 3495
4063 4064
2448 2528
1935 2015
2911 2991
4888 4889
3220 3300
46 126
2608 2688
2715 2795
5777 5778
1348 1428
5882 5883
5023 5024
483 563
4655 4735
4154 4155
5348 5349
5664 5744
6329 6330
4874 4875
4184 4185
169 249
5729 5809
2098 2178
5973 6053
5802 5803
4947 5027
3459 3460
6186 6187
2734 2814
2633 2713
5620 5621
5223 5224
3627 3707
1774 1775
5614 5694
3187 3188
6086 6166
5298 5378
3649 3729
5851 5852
4451 4452
3672 3673
4230 4310
2298 2299
1680 1760
2142 2222
2617 2618
5780 5860
5891 5971
4736 4816
3930 3931
5503 5504
1543 1623
1581 1661
65 66
4900 4980
3765 3766
3259 3339
2169 2249
1359 1360
1318 1319
356 357
3473 3474
5671 5672
170 171
994 995
5527 5607
2589 2590
1661 1741
5896 5897
3936 4016
5771 5772
999 1000
2624 2704
5017 5097
967 968
4908 4988
1136 1216
4297 4298
232 312
4934 4935
5290 5291
237 238
5541 5621
3391 3392
3663 3743
5866 5867
6126 6206
1440 1520
5408 5409
1128 1208
1314 1394
9 89
1066 1067
4958 4959
4859 4939
3380 3460
6152 6232
4954 4955
4910 4911
2765 2845
2321 2322
5770 5771
321 322
3374 3454
5694 5695
1565 1645
5085 5165
119 199
22 102
784 785
4112 4113
2357 2358
1426 1427
776 856
5976 6056
4299 4300
5375 5455
2283 2284
3666 3667
2745 2746
3265 3345
6266 6267
6010 6090
4036 4037
3917 3918
2153 2154
5012 5092
1901 1981
4073 4153
5465 5466
2896 2897
5454 5455
2386 2387
5839 5919
3978 3979
706 707
2963 2964
5712 5792
1813 1814
5942 5943
5711 5712
959 1039
3519 3520
2194 2195
1989 2069
1629 1630
3220 3221
6352 6353
6170 6250
5910 5911
1910 1990
1188 1189
1277 1357
1786 1866
5064 5065
2929 2930
3879 3880
6276 6277
2358 2438
6188 6189
1495 1496
891 971
4411 4412
1707 1787
2854 2934
3336 3416
2460 2461
1022 1023
1697 1777
1830 1910
1644 1645
3185 3265
5974 5975
1874 1954
3003 3004
989 1069
516 517
1250 1251
941 1021
2670 2671
6006 6086
1203 1204
810 811
6002 6003
3776 3856
6048 6049
5525 5605
823 903
1272 1273
2871 2872
1734 1735
3244 3324
4938 5018
406 486
739 819
3135 3215
2662 2742
722 802
900 980
99 179
4749 4829
6037 6038
1937 2017
4838 4839
2122 2202
1940 1941
322 323
1851 1931
72 152
3568 3648
8 88
4686 4766
1036 1037
6235 6315
1761 1762
1539 1540
1153 1154
4045 4046
3973 3974
2423 2503
4128 4208
3637 3717
4667 4747
1083 1084
4590 4670
2073 2074
3319 3399
2212 2213
1724 1725
4744 4824
3515 3516
2874 2954
971 1051
2731 2811
2015 2016
4249 4329
2134 2214
4042 4043
2156 2157
5396 5476
2334 2414
5972 6052
5860 5861
769 770
3752 3753
2603 2604
2698 2699
2424 2425
5904 5905
2664 2665
3257 3337
2246 2247
1084 1164
954 1034
1654 1734
5330 5410
5502 5582
870 871
2577 2657
5995 5996
4318 4398
2285 2365
632 633
3686 3766
4990 4991
6264 6344
5279 5359
2168 2248
5156 5236
2437 2517
4403 4404
1692 1693
3573 3653
2082 2162
1027 1028
5725 5726
1569 1649
3952 4032
4984 4985
3504 3584
3104 3184
3487 3567
5925 6005
2196 2197
3888 3968
6341 6342
1422 1423
1553 1554
6382 6383
3451 3452
4699 4700
6282 6362
3106 3107
5388 5389
1663 1664
1482 1483
4481 4561
2052 2132
2144 2145
2501 2502
4194 4195
1765 1766
5719 5799
5342 5343
3277 3278
2001 2002
5353 5433
4096 4176
1708 1788
4717 4718
3988 3989
4027 4107
630 631
223 303
1366 1367
1190 1270
5849 5850
6120 6121
5634 5714
3796 3797
5970 5971
2016 2017
2958 3038
597 598
5479 5559
5126 5206
2361 2362
3947 3948
4379 4380
5916 5996
6025 6105
284 364
3361 3441
1267 1268
4104 4184
1738 1818
5905 5906
4512 4513
41 121
296 376
4577 4578
3107 3108
6216 6296
1525 1605
3072 3073
1510 1511
5865 5945
4730 4731
5772 5852
2835 2836
947 1027
1443 1444
444 445
686 766
61 141
3438 3518
3487 3488
2149 2150
81 82
1568 1648
3278 3279
714 715
617 618
2063 2064
5095 5096
2420 2421
4234 4314
5273 5353
106 107
1470 1550
2775 2776
677 757
1605 1685
1770 1850
5071 5072
3649 3650
5472 5473
4549 4550
4021 4022
2634 2635
1462 1463
5303 5304
369 370
161 162
1992 2072
6029 6109
1673 1753
2190 2191
3663 3664
4242 4322
5695 5696
108 109
684 685
4652 4732
202 282
1391 1392
4697 4698
1457 1458
6010 6011
4999 5000
2373 2453
4372 4373
4771 4851
5358 5359
1327 1328
4795 4796
6308 6309
5395 5475
2301 2302
2563 2643
269 349
3801 3881
6230 6310
2680 2760
628 629
1192 1193
1545 1546
5270 5350
1119 1199
4449 4450
1191 1271
78 79
1381 1382
2630 2710
3186 3187
6237 6238
5333 5413
2713 2714
2740 2741
2743 2744
1013 1093
706 786
862 942
1709 1789
2048 2128
6137 6138
3673 3753
1031 1111
2326 2327
5892 5972
4251 4331
6033 6113
2868 2948
6204 6205
744 824
521 601
2605 2606
2020 2021
3533 3613
2368 2369
5056 5057
3722 3723
1094 1095
960 1040
1268 1269
5558 5559
3087 3088
1229 1309
913 993
4167 4168
1096 1176
146 147
1708 1709
5521 5522
3003 3083
4501 4502
4097 4177
5052 5053
32 112
1146 1147
3661 3662
1312 1313
1205 1285
95 175
440 441
5997 6077
1890 1970
1330 1331
1534 1614
4797 4877
3238 3239
1416 1417
4845 4846
1609 1610
4585 4586
5027 5107
2118 2119
2402 2403
6091 6171
5018 5019
5185 5265
4078 4079
5887 5967
6340 6341
2433 2434
5090 5091
4240 4320
1362 1363
3761 3841
4882 4883
4185 4186
6020 6021
4445 4446
1474 1554
5063 5143
4331 4332
270 271
5375 5376
5886 5887
2982 3062
4751 4752
256 336
1452 1532
4548 4549
4258 4259
3229 3230
5004 5084
16 96
4235 4315
4701 4781
326 406
5104 5105
4897 4977
2752 2832
367 368
2927 2928
5692 5772
50 130
5705 5785
4856 4936
2682 2683
503 583
5089 5169
3289 3369
4249 4250
3544 3624
238 318
2417 2497
1728 1808
1034 1114
5862 5863
6028 6029
5629 5709
5225 5305
3685 3765
1231 1311
5241 5242
5051 5131
889 969
5984 6064
5950 6030
23 24
5610 5611
411 491
255 335
4088 4089
3358 3438
4976 4977
1726 1806
6378 6379
247 327
3082 3083
3423 3424
4488 4489
1055 1135
4361 4362
4117 4118
1132 1212
2914 2915
1878 1958
6222 6223
4227 4307
2302 2382
2773 2774
4192 4272
273 274
4867 4868
5312 5392
1077 1157
4499 4579
1529 1609
3441 3442
5549 5550
769 849
678 679
685 765
912 913
1609 1689
232 233
37 117
780 860
3211 3291
5195 5196
4676 4756
2141 2221
141 221
5765 5845
2497 2498
6012 6092
1857 1937
4692 4772
1296 1376
4216 4217
4115 4195
5456 5457
1386 1387
1070 1150
3832 3833
181 182
5337 5338
5140 5141
4229 4309
2840 2841
4065 4066
2207 2208
5141 5142
5806 5886
3345 3425
3860 3861
2982 2983
2867 2868
2947 3027
894 895
337 417
4492 4493
2158 2238
2418 2419
4252 4332
6325 6326
2830 2831
3130 3210
4469 4549
2790 2791
3541 3542
2968 2969
5268 5269
2056 2057
2887 2888
3965 3966
5546 5626
575 655
1670 1750
2315 2395
2354 2434
5568 5569
4298 4378
3517 3518
1694 1695
3473 3553
3697 3698
3511 3591
562 563
5231 5232
5650 5651
5289 5290
1289 1369
3251 3331
1312 1392
3436 3437
5189 5190
2436 2516
1227 1228
2930 3010
4942 4943
744 745
5054 5055
3343 3344
1230 1310
1951 1952
5686 5687
305 306
1041 1042
2643 2644
5846 5926
3329 3409
4381 4382
3962 4042
5889 5969
925 1005
4136 4216
5740 5741
4186 4187
4433 4434
2258 2259
2187 2188
452 532
3986 4066
357 358
5294 5295
3735 3815
6166 6246
791 792
6028 6108
3546 3547
1156 1236
625 705
620 621
3864 3865
1138 1139
4102 4182
3581 3582
5499 5579
2671 2672
1586 1587
5049 5050
465 545
340 341
3915 3916
1810 1890
3629 3709
2419 2420
2233 2234
5713 5793
1194 1195
4472 4552
432 433
5831 5911
1720 1721
4219 4220
1535 1615
953 954
2461 2541
477 478
986 987
3966 4046
4935 4936
1788 1868
2794 2795
4886 4966
2654 2655
2493 2573
4259 4339
3855 3856
6043 6044
5700 5780
3271 3272
2734 2735
699 779
3440 3520
3273 3353
2994 2995
2655 2735
5981 6061
2803 2804
3404 3484
4057 4137
6315 6395
1702 1782
3741 3742
4382 4462
473 474
3624 3704
4261 4341
2429 2430
6215 6216
6050 6051
4473 4553
2105 2106
1871 1951
4933 5013
1552 1553
5024 5104
412 413
1540 1620
4437 4517
3690 3691
1296 1297
1445 1446
6182 6262
2791 2871
5154 5234
4503 4583
3920 4000
4396 4476
5508 5509
5445 5525
246 247
229 230
6193 6273
487 567
2551 2631
5807 5887
3491 3492
4236 4237
6139 6219
5277 5278
1284 1285
4603 4604
553 554
4274 4275
1278 1358
996 997
3897 3977
3897 3898
315 316
297 298
5586 5666
2110 2111
3641 3721
4493 4573
4137 4138
840 920
4699 4779
676 756
2022 2102
5559 5639
2925 3005
3260 3340
3764 3844
4896 4976
4586 4666
3157 3237
3817 3897
2744 2824
3229 3309
6350 6351
5344 5345
5784 5864
4729 4730
841 842
2448 2449
920 1000
1699 1700
208 288
3989 4069
1577 1578
1407 1487
5121 5201
2291 2292
1198 1199
888 968
2044 2045
6113 6114
4263 4264
194 195
662 742
540 541
3369 3370
1877 1878
6283 6363
858 938
4600 4680
52 132
1372 1452
11 12
6176 6256
1420 1421
3435 3436
4615 4695
1730 1810
280 360
24 104
3902 3982
3803 3883
5248 5249
765 766
2036 2116
1002 1082
42 43
103 183
2708 2788
445 525
2984 2985
5169 5170
1787 1867
2513 2514
5337 5417
895 975
1335 1336
1895 1896
3984 3985
643 723
5746 5747
1811 1891
6065 6066
4052 4132
5000 5080
2296 2297
2891 2892
1062 1063
4830 4910
221 222
3912 3913
7 8
6018 6098
4161 4162
4039 4119
5536 5616
4063 4143
3798 3878
2392 2393
5179 5180
2347 2348
804 884
4296 4376
1818 1819
530 610
3199 3279
4287 4288
1965 2045
754 834
2381 2461
1870 1871
4339 4419
1936 1937
1354 1355
3969 3970
3571 3651
6078 6079
2809 2889
6047 6048
832 833
3137 3217
6389 6390
4818 4819
2576 2577
542 622
3138 3139
299 300
1606 1607
3201 3202
5168 5248
1837 1838
3985 3986
3851 3931
4569 4570
4080 4160
1900 1901
989 990
3738 3739
4903 4904
1074 1075
1725 1805
248 249
2953 2954
5548 5628
3129 3130
5672 5673
4840 4920
687 688
2204 2284
513 514
3852 3932
5487 5488
724 725
2612 2613
2202 2282
4119 4199
2958 2959
1374 1454
2668 2669
3354 3355
5424 5504
3591 3592
4292 4372
931 1011
1929 1930
3110 3190
1322 1323
1957 2037
4991 4992
5037 5038
4588 4668
1880 1881
4197 4198
4049 4129
1863 1864
4657 4658
5319 5320
1867 1868
243 244
5447 5448
3258 3338
3183 3184
1898 1978
6009 6089
5872 5952
512 513
1258 1259
5416 5496
5108 5188
34 35
5856 5857
3041 3121
1822 1902
4617 4697
4362 4442
5139 5219
897 977
1426 1506
857 858
5515 5595
1652 1732
12 92
3195 3196
1019 1020
5505 5585
4322 4323
6269 6349
4799 4879
5385 5386
6164 6165
5236 5316
63 143
5938 6018
3673 3674
452 453
74 154
5335 5336
5859 5860
1551 1631
831 911
3253 3254
4933 4934
5208 5288
5264 5265
1980 2060
2933 2934
2708 2709
6016 6096
1361 1441
4375 4376
1983 1984
5390 5470
6300 6380
1963 1964
1139 1140
5188 5268
3644 3645
3147 3148
4504 4505
4865 4866
3816 3817
147 148
2072 2152
2110 2190
2920 2921
1111 1112
420 421
5798 5878
10 11
1975 1976
3279 3280
973 974
2561 2641
772 773
2150 2151
2304 2384
3957 4037
5471 5551
3480 3481
5431 5511
2485 2565
2419 2499
437 438
4515 4516
2885 2886
3507 3587
6319 6399
273 353
2587 2667
6251 6252
1214 1215
2981 3061
5150 5230
3843 3844
5237 5238
4098 4178
5855 5856
1422 1502
868 948
5631 5632
2987 2988
5864 5944
1753 1833
3607 3608
4830 4831
1313 1314
6304 6384
5918 5998
6305 6385
4790 4870
3834 3914
5420 5421
6256 6336
5727 5807
3660 3740
3526 3606
1237 1238
1838 1918
3781 3861
3528 3608
6066 6067
812 813
627 628
3877 3957
4072 4152
883 884
5102 5182
2374 2454
5764 5844
7 87
2026 2027
3009 3010
5673 5753
4069 4070
5535 5615
5545 5546
4254 4255
5103 5183
5897 5898
3281 3361
5212 5213
5654 5734
5378 5379
1299 1300
3040 3120
1514 1594
6265 6345
6156 6157
4719 4799
4930 4931
2028 2108
3046 3047
2373 2374
6260 6340
87 167
5631 5711
1914 1915
5398 5399
1788 1789
2769 2770
4710 4790
3651 3652
2972 2973
581 661
6034 6035
281 282
4033 4034
6304 6305
11 91
3987 3988
1045 1046
2309 2389
5956 6036
4824 4904
2786 2787
3235 3315
461 541
4968 4969
498 578
1835 1915
5965 5966
1551 1552
6223 6224
3054 3055
5363 5443
263 343
822 823
2496 2497
3025 3026
1424 1504
3861 3941
2447 2527
2505 2585
5791 5871
3881 3882
3623 3624
4635 4715
324 404
3769 3849
40 120
3454 3455
5619 5699
171 251
5491 5571
695 775
1542 1543
1108 1188
2927 3007
2024 2104
4495 4575
3564 3644
2521 2601
5730 5810
4658 4738
5204 5284
3727 3728
145 225
298 299
3900 3980
4879 4959
5654 5655
856 936
3692 3772
3560 3640
4277 4278
2491 2571
5649 5729
4671 4751
3773 3774
1710 1790
211 212
3102 3182
3632 3712
4722 4802
4409 4489
1728 1729
3099 3179
3392 3393
1302 1382
1580 1660
1998 2078
831 832
3704 3784
5227 5228
3776 3777
3408 3488
2251 2331
1872 1873
4573 4653
3589 3590
2566 2646
2970 3050
1672 1673
5299 5300
3545 3625
489 490
6284 6364
5792 5872
4623 4624
432 512
5411 5491
2289 2290
6046 6126
3829 3909
4819 4820
5519 5520
2782 2862
4169 4170
2723 2803
5952 6032
1653 1654
2268 2348
300 301
219 299
500 580
6255 6335
2934 3014
5669 5670
1028 1029
310 311
3883 3884
5583 5584
5364 5444
5522 5523
2535 2615
605 685
1 81
1465 1545
4937 5017
5834 5914
302 303
4710 4711
6395 6396
3895 3896
5242 5322
1975 2055
2159 2160
2139 2219
1567 1647
3202 3282
4395 4475
5790 5870
2551 2552
2853 2854
2748 2749
5370 5450
6375 6376
4689 4690
2890 2891
5783 5863
3015 3095
873 953
1797 1798
2437 2438
2381 2382
2755 2835
5509 5589
5206 5207
4139 4140
3020 3100
1215 1216
301 302
1217 1297
3474 3554
2727 2728
3340 3420
1007 1087
2309 2310
2100 2180
3628 3629
1236 1237
31 111
2109 2110
4162 4163
189 269
4701 4702
5977 6057
4752 4832
570 571
405 485
3197 3277
514 515
3375 3376
3691 3692
1800 1801
1056 1057
2241 2242
3117 3197
2149 2229
5417 5497
6113 6193
977 1057
5178 5258
2509 2510
1148 1149
5191 5271
2915 2916
5984 5985
3270 3350
5958 6038
1341 1421
3615 3616
2452 2453
5336 5337
3791 3871
3657 3658
3769 3770
2453 2454
3814 3894
802 882
2250 2251
1640 1720
4669 4670
5124 5125
1342 1343
3493 3494
3479 3559
1057 1058
6064 6065
2184 2264
1825 1826
704 705
4764 4765
1771 1772
1689 1690
6271 6351
3562 3563
4788 4789
5672 5752
5238 5239
3121 3201
4513 4593
233 234
243 323
3430 3510
5666 5746
4500 4501
5309 5310
6229 6230
3880 3960
58 59
1855 1935
1836 1837
2031 2111
3158 3159
15 16
1363 1364
5714 5715
3979 3980
1099 1100
4870 4950
5183 5263
3061 3062
1469 1549
5003 5004
3442 3443
5273 5274
6309 6389
690 691
3285 3286
1003 1004
948 1028
1059 1139
3618 3619
5612 5613
549 550
3993 4073
798 878
4135 4215
324 325
2399 2479
2021 2101
1268 1348
1301 1381
928 1008
5256 5257
293 373
3715 3716
3334 3335
791 871
1133 1134
2567 2647
5574 5575
6142 6222
6258 6338
2572 2652
3158 3238
2229 2309
1528 1529
5136 5137
4572 4573
3185 3186
2462 2463
3425 3426
545 625
4059 4060
1485 1565
2354 2355
2995 3075
1446 1526
5134 5214
6125 6126
2139 2140
3771 3772
2012 2013
893 894
2993 3073
4450 4530
1093 1094
2824 2825
3463 3543
4962 5042
1976 1977
4304 4384
3974 3975
1425 1426
2817 2818
734 814
6213 6214
2092 2093
2266 2267
3558 3638
2546 2626
1979 2059
5767 5768
4097 4098
943 944
603 683
3879 3959
2651 2652
2829 2909
2313 2393
4531 4532
5433 5513
2535 2536
4732 4733
141 142
3347 3348
1367 1368
4431 4511
5366 5446
3035 3115
2590 2591
6088 6089
663 743
5462 5463
4058 4059
4170 4250
5127 5128
1706 1786
5874 5954
624 704
4904 4905
1554 1555
3774 3854
1209 1289
4489 4490
2806 2886
257 337
2401 2402
3036 3116
5288 5368
2903 2904
1429 1430
3000 3001
3615 3695
2360 2440
6110 6111
3569 3570
5134 5135
4266 4267
3997 3998
3297 3298
1679 1759
2695 2696
6073 6153
3545 3546
434 514
4345 4346
1027 1107
1413 1493
2819 2820
4435 4515
2219 2299
4959 5039
5451 5452
5726 5806
2693 2773
1986 1987
5127 5207
1868 1869
4535 4615
2136 2137
4580 4581
4585 4665
3184 3264
6041 6121
114 115
3563 3643
4707 4787
1354 1434
3830 3910
5060 5061
5852 5932
3608 3688
2998 3078
3939 3940
5718 5719
1452 1453
2363 2443
4733 4813
2037 2038
5295 5375
5942 6022
4638 4718
1437 1438
5260 5340
1540 1541
3598 3678
1938 1939
4661 4662
5311 5391
1900 1980
3546 3626
1455 1535
708 709
1554 1634
5141 5221
1503 1583
5368 5448
2148 2228
3263 3343
1570 1571
648 649
5262 5263
2129 2209
3468 3548
6349 6350
48 49
227 228
3747 3748
2038 2118
2596 2676
3739 3740
3303 3304
6354 6355
3633 3634
1626 1627
182 183
5374 5454
5971 6051
613 614
4621 4622
3683 3684
687 767
3069 3070
5487 5567
2645 2646
2507 2508
1257 1258
5443 5523
5689 5690
6034 6114
4164 4244
3640 3720
504 584
3985 4065
2964 3044
2704 2784
4844 4845
6250 6251
4645 4725
5978 5979
4524 4525
2610 2611
2911 2912
2488 2568
2256 2257
6106 6107
3460 3540
5531 5611
4888 4968
1726 1727
4497 4577
59 139
4989 4990
4416 4417
6388 6389
1234 1235
3784 3864
3772 3773
3020 3021
4884 4885
5550 5630
3278 3358
3292 3293
3434 3435
2836 2837
3028 3108
1974 2054
524 604
514 594
5762 5842
1820 1821
1736 1737
67 147
1082 1162
2805 2885
2001 2081
168 248
1526 1606
3676 3677
1494 1574
5439 5440
1035 1115
6059 6060
3070 3071
5572 5652
3424 3504
3219 3299
3367 3368
5086 5087
4838 4918
1990 2070
1490 1570
680 681
3882 3962
5436 5516
5808 5888
4989 5069
1940 2020
4379 4459
961 1041
1845 1846
3926 4006
800 880
5302 5303
2904 2984
1625 1626
3690 3770
4921 4922
1004 1084
4260 4261
2513 2593
3914 3994
2969 2970
1888 1968
5226 5227
4495 4496
934 1014
2797 2798
2672 2752
2050 2130
3334 3414
5856 5936
3206 3207
4975 5055
3019 3099
1020 1021
4540 4620
1866 1867
853 854
3122 3123
5152 5153
2013 2093
3558 3559
2253 2254
6002 6082
914 994
655 656
372 373
3137 3138
6239 6319
342 343
4068 4148
6261 6262
1538 1618
3609 3689
4292 4293
3848 3928
1507 1587
6226 6227
1254 1255
4032 4112
5254 5255
2860 2940
3868 3869
4479 4559
3722 3802
2201 2202
3940 3941
3957 3958
4755 4835
4717 4797
4037 4117
3870 3871
4511 4512
34 114
1674 1754
123 124
4095 4175
3116 3117
2541 2621
317 397
5709 5789
6297 6377
2714 2794
380 460
4265 4345
2692 2693
3749 3750
4215 4295
860 940
3967 4047
4567 4647
2847 2848
981 1061
1651 1731
5515 5516
651 731
672 673
364 365
1620 1621
1255 1256
2789 2790
4597 4598
5919 5999
4526 4606
4435 4436
447 448
5638 5718
5328 5329
2007 2008
5836 5916
5016 5096
2424 2504
5399 5400
312 392
5155 5235
3514 3594
3201 3281
4749 4750
393 473
4668 4748
4223 4224
3104 3105
1214 1294
1544 1545
2283 2363
219 220
1826 1906
1685 1686
2639 2719
4033 4113
2574 2575
299 379
6181 6182
2568 2648
3904 3905
5978 6058
1343 1344
4705 4785
4995 5075
3008 3009
4391 4471
1994 2074
5174 5254
3529 3530
6163 6164
1016 1096
5240 5241
3955 3956
540 620
153 233
1950 2030
523 603
5373 5374
6054 6134
6050 6130
4071 4151
5109 5189
2403 2404
3575 3655
2232 2312
100 180
5274 5275
3242 3243
5475 5555
4612 4692
3012 3013
4487 4567
5831 5832
2716 2796
1066 1146
1281 1361
4416 4496
5258 5259
1289 1290
38 39
5093 5094
1546 1547
487 488
6173 6174
6318 6398
4308 4388
3432 3512
1963 2043
4993 4994
1859 1860
5587 5667
1273 1353
3693 3694
5167 5168
2132 2212
3987 4067
826 906
390 391
3983 3984
4446 4447
1852 1853
5211 5212
190 270
3998 3999
5323 5324
264 265
5210 5290
4786 4866
5940 6020
5428 5429
1180 1181
1640 1641
5598 5678
6099 6100
1329 1409
1425 1505
2406 2407
5366 5367
5668 5748
1355 1435
5317 5397
2177 2257
6186 6266
2023 2024
4765 4845
5626 5706
1524 1604
4676 4677
2222 2302
3068 3148
2780 2781
4548 4628
3319 3320
820 900
3602 3682
1906 1986
2661 2741
1132 1133
4507 4587
5418 5419
4301 4302
4283 4363
6170 6171
5445 5446
3268 3348
1383 1463
128 208
801 881
5806 5807
5110 5190
1307 1308
441 442
1345 1346
549 629
3786 3866
276 277
4808 4809
4342 4422
5979 6059
3354 3434
2811 2812
2908 2909
4925 5005
5283 5284
4542 4622
5770 5850
178 258
740 741
3246 3247
3820 3900
5615 5695
5217 5297
6372 6373
4697 4777
3830 3831
1863 1943
1657 1658
1894 1974
6280 6360
1485 1486
3896 3897
6330 6331
2592 2593
90 170
4375 4455
87 88
4174 4254
3486 3487
4420 4421
1115 1116
477 557
3385 3465
2266 2346
5648 5728
1149 1229
2112 2113
4346 4426
3230 3310
2255 2335
4864 4865
368 369
474 475
3787 3788
930 931
6011 6091
4881 4882
1129 1130
2832 2912
5345 5346
3621 3701
4627 4707
1063 1143
2884 2885
417 497
5196 5276
1251 1331
671 751
6032 6112
762 842
5711 5791
2976 2977
4926 4927
3958 3959
1816 1896
942 943
4370 4450
1291 1371
96 97
3580 3660
1284 1364
2328 2408
1355 1356
5197 5198
542 543
6222 6302
5111 5191
4141 4221
5915 5995
4212 4213
5104 5184
742 822
2065 2066
5495 5575
4262 4263
891 892
2070 2071
2430 2510
936 937
776 777
2710 2711
3327 3407
2461 2462
2900 2901
3500 3580
3941 3942
3716 3796
5701 5702
4336 4337
439 519
2412 2492
1949 2029
2574 2654
5516 5596
5434 5435
4003 4004
2967 2968
5525 5526
1364 1365
1044 1124
1279 1280
946 947
2161 2162
2005 2006
1201 1202
4642 4722
595 596
4552 4632
4488 4568
274 354
3351 3352
844 924
5216 5296
1070 1071
741 742
4980 5060
4878 4879
2396 2397
1185 1186
3622 3702
2369 2449
4087 4088
4007 4087
2903 2983
6117 6197
510 590
3835 3836
3042 3043
2338 2418
1235 1236
2756 2757
5817 5897
4771 4772
3733 3813
5926 6006
1410 1411
148 149
5765 5766
3954 4034
1215 1295
5762 5763
1881 1961
4130 4131
3165 3166
6278 6279
2877 2957
1037 1117
1021 1022
65 145
1837 1917
2378 2379
4936 4937
4014 4015
5344 5424
2737 2817
2464 2465
186 187
389 469
2712 2792
5385 5465
360 361
3825 3905
1844 1924
5569 5649
4380 4460
3346 3347
427 507
2799 2800
5980 5981
3464 3465
2831 2911
1326 1327
3672 3752
3181 3182
983 1063
5091 5171
4785 4865
5218 5298
683 763
579 659
5721 5801
4963 4964
1961 1962
4938 4939
1008 1009
3728 3729
642 643
1086 1087
3035 3036
5855 5935
3699 3779
4058 4138
5743 5823
2111 2112
2653 2733
823 824
3755 3835
4665 4666
81 161
2215 2216
4584 4664
5002 5003
4772 4852
4901 4902
6317 6318
3840 3920
1061 1141
1134 1214
2500 2501
1206 1286
5331 5332
5465 5545
2487 2567
2228 2308
4301 4381
3950 3951
828 829
2879 2959
5218 5219
5405 5406
4929 4930
4595 4596
3342 3343
4285 4286
3491 3571
3601 3602
317 318
1933 1934
1174 1175
4778 4779
5032 5112
4257 4258
5809 5810
2710 2790
4893 4973
2134 2135
739 740
2218 2298
3567 3568
3445 3446
4293 4294
2114 2115
4939 5019
6164 6244
3726 3806
787 788
3408 3409
2008 2088
3047 3127
835 836
3539 3540
60 61
5316 5317
5581 5661
5638 5639
3103 3104
3965 4045
1819 1820
1721 1722
5013 5014
3467 3547
4148 4228
1996 1997
3177 3257
1483 1484
1885 1886
986 1066
269 270
4979 4980
5233 5234
3325 3405
4655 4656
1698 1699
3674 3754
1197 1198
1790 1870
2618 2619
3051 3131
3877 3878
5731 5811
1299 1379
1180 1260
3444 3524
2425 2505
1591 1592
1903 1983
4365 4366
402 403
2663 2664
2690 2770
3686 3687
5016 5017
3377 3457
57 137
5561 5641
5388 5468
819 820
5872 5873
3171 3172
4121 4201
4178 4258
1072 1073
2754 2834
3037 3038
4213 4214
3977 4057
4010 4090
5588 5668
4476 4477
6005 6085
5663 5664
2120 2200
2766 2846
4328 4408
3631 3632
318 319
3995 4075
4679 4680
5912 5992
4558 4638
3130 3131
5446 5447
5930 6010
3552 3553
3170 3250
2556 2636
3224 3225
1305 1306
159 160
2567 2568
5680 5760
4089 4090
2282 2283
3927 3928
5258 5338
5473 5474
2408 2488
480 560
5326 5406
4094 4174
6208 6288
1241 1242
358 359
2606 2686
713 793
1715 1795
159 239
1908 1909
3799 3879
1641 1721
3464 3544
1843 1844
6152 6153
2656 2736
4287 4367
5670 5750
5118 5119
4444 4445
736 737
80 160
5074 5075
388 468
1112 1192
4373 4453
5243 5244
4295 4296
3268 3269
3924 4004
307 387
5643 5644
4317 4397
27 107
3512 3513
83 84
584 585
2468 2548
4282 4362
4974 5054
3827 3907
3863 3864
5859 5939
1668 1748
4758 4759
4736 4737
5754 5834
2767 2847
4422 4502
4418 4498
4735 4736
6059 6139
4920 4921
2997 3077
5911 5912
2707 2708
5517 5597
4716 4796
5468 5469
5209 5210
5652 5732
2554 2634
1200 1280
1830 1831
3693 3773
5359 5360
5577 5578
2732 2733
3285 3365
5924 6004
2312 2313
3502 3503
3835 3915
658 659
4809 4889
6394 6395
5578 5579
5981 5982
5421 5501
1532 1612
4426 4506
3213 3214
6067 6147
1796 1876
4827 4907
448 449
2231 2232
5209 5289
3822 3823
3005 3006
1895 1975
4510 4590
1430 1431
5513 5593
5172 5173
1519 1520
2542 2543
923 924
5535 5536
2127 2207
4343 4344
5146 5226
6102 6182
2960 3040
4753 4833
902 982
4383 4384
2063 2143
3419 3499
2507 2587
2555 2635
1685 1765
3948 3949
4587 4667
6269 6270
2186 2187
2703 2704
1127 1207
2353 2433
164 244
2506 2507
4711 4791
4683 4684
2009 2089
4828 4908
3865 3866
1376 1377
4622 4623
5099 5100
5876 5877
1933 2013
2260 2340
1320 1400
909 910
4622 4702
5987 5988
5195 5275
5562 5563
865 866
4667 4668
4774 4775
3526 3527
1797 1877
4151 4231
1036 1116
4574 4654
47 127
2153 2233
4348 4349
5382 5383
1177 1257
1530 1531
3902 3903
3622 3623
4915 4916
732 812
1242 1322
5785 5865
2820 2900
1390 1391
73 153
2384 2385
4226 4227
2738 2818
2362 2363
3670 3750
2565 2566
1913 1993
1155 1156
5778 5779
2084 2085
3834 3835
4168 4248
4246 4326
5933 5934
1114 1115
2302 2303
5653 5654
4329 4409
3942 3943
2573 2574
3525 3526
1443 1523
1916 1996
5993 5994
3700 3780
5429 5430
2769 2849
6254 6255
1383 1384
5026 5027
3049 3129
183 184
5543 5544
2632 2633
3562 3642
2601 2602
3370 3450
4456 4457
1092 1172
1767 1847
4684 4685
1024 1104
1288 1289
4471 4472
4659 4660
4255 4256
2400 2480
516 596
120 121
3400 3401
2240 2320
4551 4631
1051 1131
5168 5169
17 97
1696 1697
3975 3976
2011 2091
6118 6119
315 395
5493 5573
3422 3423
2610 2690
695 696
5629 5630
3757 3837
6289 6369
1226 1306
6216 6217
4971 4972
4502 4582
849 929
3345 3346
6399 6400
3109 3110
1491 1492
2845 2925
5533 5613
2057 2058
3417 3418
4079 4159
1332 1333
3431 3432
139 219
5422 5502
6302 6303
1258 1338
6344 6345
2937 2938
201 202
6057 6058
779 780
1389 1469
6166 6167
2849 2929
6226 6306
6058 6138
2919 2999
2974 3054
4106 4186
4482 4562
2938 3018
4072 4073
294 295
792 793
2426 2506
5868 5948
3606 3607
4988 4989
546 626
5950 5951
218 219
3001 3081
1249 1329
4050 4051
1831 1911
190 191
349 350
755 835
2955 2956
1220 1300
2210 2211
1770 1771
2220 2300
6003 6083
2557 2558
5794 5795
2472 2552
502 582
3121 3122
6134 6135
5450 5451
4970 5050
949 950
2276 2277
4561 4562
3807 3887
5679 5759
6326 6327
424 504
6082 6083
5566 5567
1461 1541
1416 1496
2994 3074
6374 6375
5377 5457
3313 3314
1013 1014
4241 4321
3921 3922
4537 4617
1199 1279
4882 4962
1805 1806
705 706
4250 4251
995 1075
3449 3450
4775 4855
6196 6276
6376 6377
2983 2984
3019 3020
4291 4292
244 324
631 711
5704 5705
1338 1418
4792 4872
6133 6134
1201 1281
3687 3688
5674 5675
1165 1166
4316 4317
5617 5618
1715 1716
3034 3114
2067 2147
5212 5292
5070 5071
4214 4294
6307 6387
5795 5796
211 291
719 799
2370 2450
3 83
1749 1750
2482 2483
6056 6136
2978 3058
5879 5880
5868 5869
2013 2014
1999 2079
2415 2495
4632 4712
3039 3119
2481 2561
3450 3451
3090 3091
3497 3577
1378 1379
2506 2586
4520 4600
1509 1589
2565 2645
4158 4159
5287 5288
3596 3676
5873 5874
5109 5110
6347 6348
5517 5518
3828 3908
4756 4757
5957 5958
4893 4894
3018 3019
2764 2765
1302 1303
5201 5281
3586 3587
6185 6186
2940 2941
1950 1951
2652 2732
6223 6303
5776 5777
3506 3507
118 198
1984 1985
2548 2549
5847 5848
5023 5103
4458 4459
4243 4244
5565 5566
4046 4047
558 559
4739 4819
2170 2171
1353 1354
1512 1513
379 459
4269 4270
2804 2805
1151 1152
5175 5255
188 189
5477 5478
1315 1395
834 914
1432 1433
1815 1895
1099 1179
2262 2342
4878 4958
4868 4948
1372 1373
5896 5976
3777 3857
1081 1161
826 827
4004 4084
3623 3703
1899 1979
4328 4329
990 991
5821 5901
4872 4873
4616 4617
5143 5223
3478 3479
6134 6214
3745 3825
5553 5633
2701 2781
5399 5479
2363 2364
4963 5043
5964 6044
3315 3316
3650 3651
1396 1476
618 619
5461 5541
2287 2367
4289 4369
5043 5123
2177 2178
3146 3226
2201 2281
4278 4358
6299 6379
4604 4684
4447 4448
5976 5977
2573 2653
271 351
2757 2837
1488 1568
203 204
3684 3685
467 547
2089 2090
6191 6271
3010 3090
4417 4497
4110 4111
6381 6382
2694 2695
5406 5486
4823 4903
3950 4030
5387 5467
5581 5582
3579 3659
3780 3781
3866 3867
5845 5846
1304 1305
456 457
115 195
1913 1914
1478 1479
716 717
1091 1092
6046 6047
4958 5038
3538 3539
3469 3549
3151 3152
4877 4957
2376 2456
4895 4896
871 872
3291 3292
6 7
3612 3692
1295 1375
194 274
2827 2907
6005 6006
3858 3938
782 783
1183 1263
3192 3193
5511 5512
163 243
5066 5067
3844 3845
5923 6003
6007 6087
567 568
1409 1489
6162 6163
137 217
109 189
2115 2195
1510 1590
2081 2161
1532 1533
925 926
483 484
1048 1128
384 464
5946 5947
5591 5592
3766 3767
4625 4626
1417 1497
4799 4800
209 210
660 740
1272 1352
4673 4674
318 398
944 945
2221 2222
6118 6198
1227 1307
5560 5640
2004 2005
5636 5716
622 623
5867 5947
2609 2689
3191 3192
3248 3328
3033 3034
2191 2192
5875 5955
1246 1326
6014 6015
4769 4849
4121 4122
2459 2460
1926 2006
1643 1723
323 403
5647 5727
3867 3868
681 682
5530 5610
5728 5808
4824 4825
4493 4494
3731 3732
2795 2796
675 755
3531 3611
833 834
3030 3110
3091 3171
4648 4728
5191 5192
2842 2843
551 631
6124 6204
1938 2018
227 307
58 138
1560 1640
97 177
1346 1426
1018 1019
3590 3670
503 504
805 885
3940 4020
1752 1832
2280 2360
4734 4735
3100 3180
137 138
5965 6045
6231 6232
3969 4049
3169 3170
4060 4061
4532 4612
4176 4256
1050 1051
6153 6154
4674 4675
2443 2444
6057 6137
1798 1878
1784 1785
4538 4539
1955 2035
5606 5607
2377 2378
3734 3735
6083 6084
4952 4953
5007 5087
1764 1844
96 176
2155 2235
756 836
3398 3478
347 427
3300 3301
5945 5946
2991 3071
4672 4673
5246 5247
4992 5072
5263 5343
942 1022
3810 3890
5695 5775
2276 2356
303 383
6086 6087
3098 3178
1493 1494
5739 5819
2191 2271
5669 5749
3067 3147
5567 5568
4291 4371
3875 3876
2000 2080
813 893
2760 2840
3419 3420
5479 5480
4630 4710
5824 5904
4716 4717
51 131
649 650
1584 1664
1060 1061
2933 3013
5443 5444
3894 3974
6109 6189
6128 6129
1332 1412
1475 1555
6201 6202
5793 5794
1917 1997
760 761
4932 4933
3946 3947
2520 2521
2078 2158
4147 4227
2137 2217
4317 4318
6062 6142
3583 3584
1742 1743
1836 1916
684 764
3814 3815
4321 4401
2279 2359
4970 4971
3017 3097
2892 2972
2881 2882
3361 3362
3089 3090
5350 5430
5822 5823
2973 3053
349 429
697 777
679 759
898 978
5020 5021
4578 4658
2315 2316
2186 2266
4905 4906
1522 1523
3064 3065
4159 4239
5778 5858
325 405
4974 4975
4545 4546
2584 2585
3355 3435
4307 4387
5813 5893
614 615
1182 1183
1807 1887
3898 3978
2394 2395
694 774
4205 4285
3359 3360
2407 2408
4894 4974
3272 3273
5402 5403
2234 2314
2356 2357
5454 5534
1871 1872
722 723
3368 3448
1932 2012
1945 1946
2771 2772
6023 6024
616 696
5917 5918
4767 4768
869 870
1204 1205
4431 4432
1894 1895
3078 3079
4877 4878
1303 1304
6119 6120
5430 5431
675 676
2653 2654
673 674
1110 1111
4081 4082
4841 4842
6114 6115
4369 4370
2991 2992
3290 3291
6289 6290
5702 5703
2622 2623
5820 5821
4134 4214
5161 5241
5294 5374
5327 5407
4181 4261
3728 3808
4804 4884
4304 4305
1985 1986
5594 5595
2775 2855
1710 1711
1686 1687
2194 2274
4986 5066
3475 3555
768 769
1397 1477
3084 3085
4085 4086
4553 4633
5332 5412
1081 1082
935 1015
1290 1291
2473 2474
3929 3930
1943 1944
1461 1462
1105 1106
2284 2364
69 149
6336 6337
5070 5150
5397 5398
3212 3213
2051 2052
1393 1394
6139 6140
692 772
5132 5133
6194 6195
200 201
5190 5270
6172 6173
5969 5970
328 408
3026 3027
2867 2947
5812 5892
5436 5437
3515 3595
4686 4687
651 652
4810 4811
892 972
3320 3400
3981 3982
3096 3176
4452 4453
203 283
2410 2411
1266 1267
6179 6259
3654 3655
2137 2138
1966 1967
1436 1516
5231 5311
2410 2490
1779 1859
3147 3227
3692 3693
4611 4691
2824 2904
4826 4906
2500 2580
6032 6033
4509 4510
1967 2047
5174 5175
5900 5980
6291 6371
2967 3047
887 967
1055 1056
469 549
3014 3015
2069 2070
3369 3449
4144 4224
541 542
6106 6186
1492 1493
6060 6140
1914 1994
4921 5001
982 1062
3908 3909
6277 6357
4617 4618
2576 2656
3520 3600
66 67
6302 6382
2684 2764
5696 5776
650 730
2006 2086
1187 1188
2375 2376
6096 6176
2477 2478
1794 1795
149 229
4092 4093
3187 3267
2434 2514
922 1002
4528 4529
3324 3325
1121 1122
2147 2148
603 604
5373 5453
5953 5954
3155 3156
5183 5184
1660 1740
6173 6253
518 598
4514 4515
4614 4615
2457 2458
939 940
5501 5581
2265 2345
6041 6042
3325 3326
6052 6053
3771 3851
5482 5483
4067 4147
1729 1809
2582 2583
1316 1317
5403 5483
1011 1091
1634 1714
4220 4221
3708 3709
2547 2627
350 430
4990 5070
70 150
1471 1472
4670 4671
3215 3295
2212 2292
965 966
1927 1928
4316 4396
2330 2410
1709 1710
12 13
381 382
5410 5490
3071 3072
2986 2987
4264 4265
1219 1220
2606 2607
1414 1494
5410 5411
2649 2650
5343 5423
4480 4560
5567 5647
3488 3489
4011 4012
2405 2406
3407 3408
1854 1934
1049 1129
2406 2486
4614 4694
1802 1803
1010 1090
2616 2696
1648 1649
4367 4368
6048 6128
1131 1211
4177 4178
1887 1888
4216 4296
5986 6066
5056 5136
1415 1416
701 702
2140 2220
1184 1185
2774 2775
4954 5034
4817 4818
3823 3824
5728 5729
6175 6255
1997 2077
4276 4277
3456 3536
4860 4940
4635 4636
5401 5402
320 400
5419 5420
5352 5353
1899 1900
4474 4475
4398 4478
1344 1424
4637 4638
4913 4914
3119 3199
5766 5846
5036 5037
5021 5101
2754 2755
5607 5687
5734 5814
6274 6275
1902 1903
1306 1307
3752 3832
3824 3904
4911 4912
6146 6226
2725 2805
1274 1275
407 487
4176 4177
6148 6149
968 1048
2213 2293
589 669
3109 3189
874 954
6192 6193
5828 5908
4024 4025
5301 5302
6196 6197
2795 2875
2099 2179
4272 4352
6312 6392
3399 3479
2456 2536
2925 2926
5752 5832
3058 3059
4138 4218
59 60
266 346
4539 4540
4025 4105
1456 1536
4871 4872
3982 4062
5173 5174
1329 1330
3492 3493
6288 6368
255 256
1702 1703
4979 5059
5044 5124
3077 3157
3553 3633
2670 2750
3715 3795
1961 2041
1559 1560
4634 4635
1720 1800
1971 1972
3406 3407
3371 3372
4768 4848
2758 2759
4762 4842
4401 4402
4643 4644
44 45
490 570
3050 3051
5918 5919
4091 4092
1276 1356
2123 2124
958 959
879 880
2060 2061
6392 6393
5225 5226
1744 1745
723 803
4870 4871
2698 2778
2826 2906
5226 5306
4098 4099
4746 4826
45 46
3939 4019
4675 4676
2999 3079
2776 2856
3245 3246
4338 4418
3264 3265
688 768
2955 3035
343 344
2183 2263
1527 1528
3953 3954
5214 5215
1679 1680
586 587
1999 2000
1139 1219
2430 2431
3806 3886
6115 6116
1595 1675
1613 1614
3858 3859
5113 5114
945 1025
825 826
1479 1559
3217 3218
1798 1799
2116 2196
3076 3156
3384 3385
4581 4661
2418 2498
282 362
4348 4428
5857 5937
5293 5373
2375 2455
1802 1882
6391 6392
2586 2587
5646 5726
1731 1811
2300 2301
5570 5571
5551 5631
431 432
1001 1081
4310 4390
3295 3296
2198 2199
1732 1812
5302 5382
2977 2978
1856 1936
4724 4804
1084 1085
5604 5684
361 362
2226 2306
4783 4784
4612 4613
2872 2952
2896 2976
5584 5664
2267 2347
5380 5460
5726 5727
1177 1178
5176 5177
4157 4158
363 364
4762 4763
4711 4712
2878 2958
3583 3663
5633 5713
2356 2436
2489 2569
2980 3060
2087 2167
4761 4841
4885 4965
1105 1185
3668 3669
2444 2445
5641 5721
543 623
1434 1514
4726 4727
2069 2149
2686 2687
3925 3926
2230 2310
2446 2447
1665 1666
5787 5788
4103 4104
995 996
1639 1719
85 165
2544 2545
4939 4940
1173 1174
5075 5076
4297 4377
896 897
1127 1128
1321 1322
5381 5461
2589 2669
3189 3190
2466 2467
2647 2727
3669 3670
2085 2086
5058 5059
2808 2809
4193 4273
3105 3185
75 76
582 662
5688 5768
5268 5348
16 17
2222 2223
5297 5298
2175 2176
413 493
2259 2339
3421 3422
3684 3764
2113 2114
5069 5149
4790 4791
2393 2473
1448 1449
736 816
5492 5493
2180 2260
4833 4913
1068 1069
1484 1564
3724 3804
4272 4273
2598 2599
2683 2763
2158 2159
2526 2606
1202 1203
1908 1988
237 317
4286 4287
2023 2103
1984 2064
3863 3943
2324 2325
3046 3126
252 253
2464 2544
1169 1170
952 1032
1861 1862
943 1023
5059 5139
3921 4001
2285 2286
1402 1403
3812 3892
1541 1621
2864 2944
5250 5251
6107 6108
2793 2873
5019 5099
4579 4580
3775 3855
4068 4069
3778 3858
6278 6358
1503 1504
4557 4637
2503 2504
966 967
5456 5536
4407 4408
689 690
2327 2328
2350 2430
1021 1101
2640 2720
4235 4236
485 565
2688 2768
3505 3506
2185 2186
520 521
3383 3463
5837 5917
4126 4127
2688 2689
6190 6270
2572 2573
2717 2797
3422 3502
185 265
5483 5484
6369 6370
3071 3151
3846 3926
903 983
1469 1470
727 728
2145 2225
1977 2057
2263 2264
3090 3170
345 425
6273 6274
5041 5042
5369 5449
4741 4742
399 479
3841 3921
2643 2723
3266 3346
475 555
4821 4901
6129 6130
1388 1468
2484 2564
5500 5501
645 725
1407 1408
1559 1639
715 716
5858 5859
2101 2181
3548 3628
1948 1949
3790 3791
3813 3814
2989 2990
3919 3920
6040 6041
6159 6160
3371 3451
5323 5403
1572 1573
6100 6101
3664 3744
6019 6020
6105 6106
3136 3137
4518 4519
4728 4729
4189 4269
2592 2672
2944 2945
1937 1938
6167 6168
2060 2140
2839 2840
2355 2356
3113 3114
3694 3774
2090 2170
6111 6112
4996 5076
3164 3244
4516 4596
4099 4179
4641 4642
3529 3609
3775 3776
3453 3533
5463 5464
1349 1350
4763 4764
4524 4604
1254 1334
5553 5554
5025 5105
4731 4811
985 1065
256 257
3410 3411
1992 1993
3302 3382
3796 3876
1196 1276
2465 2466
6342 6343
4247 4248
5960 6040
4599 4679
5207 5208
2586 2666
1463 1543
2292 2293
4119 4120
956 957
2345 2346
1701 1781
4248 4249
3284 3364
2178 2179
2146 2147
5234 5314
6168 6169
496 497
1922 1923
376 377
797 877
5633 5634
4357 4358
225 305
4604 4605
1799 1800
5771 5851
1531 1532
3628 3708
3053 3133
3057 3137
601 602
404 405
464 544
4101 4102
5834 5835
5149 5150
1603 1683
4772 4773
4467 4468
3463 3464
5292 5372
4997 5077
1229 1230
1591 1671
2976 3056
4012 4013
4394 4474
628 708
5841 5921
4169 4249
3409 3410
3429 3509
3225 3305
5391 5471
4544 4545
2707 2787
4383 4463
5449 5450
5786 5787
4681 4761
4976 5056
2782 2783
4608 4609
2271 2351
40 41
3348 3349
4204 4284
5495 5496
4549 4629
5738 5739
5833 5913
2084 2164
1627 1707
2660 2661
3521 3522
4650 4730
5706 5707
6030 6031
5249 5329
1120 1200
3378 3379
1285 1286
1063 1064
428 508
3513 3593
2072 2073
2261 2341
4047 4127
1303 1383
1056 1136
1427 1428
3762 3763
6314 6394
2497 2577
5474 5554
2083 2084
5350 5351
3773 3853
1658 1738
6038 6039
2749 2829
4136 4137
214 215
90 91
5754 5755
5423 5503
1805 1885
416 417
1500 1501
1323 1324
1333 1413
6377 6378
5874 5875
3738 3818
1723 1803
2530 2610
6264 6265
222 302
4221 4222
4925 4926
4246 4247
4553 4554
1288 1368
204 205
5164 5165
5582 5662
1019 1099
534 535
5625 5705
2455 2456
1978 2058
5843 5844
5966 5967
5101 5181
904 984
961 962
1889 1890
4769 4770
2800 2880
4469 4470
806 807
4539 4619
1759 1760
4625 4705
1157 1237
3729 3809
6368 6369
1585 1586
5289 5369
5702 5782
2396 2476
5158 5159
693 773
4862 4863
3493 3573
2731 2732
2492 2572
4798 4878
4631 4711
1838 1839
5186 5187
1261 1262
5336 5416
6236 6237
1832 1833
2721 2722
207 208
4611 4612
298 378
1262 1342
5135 5215
5185 5186
2307 2387
1276 1277
5305 5385
4132 4212
2837 2917
1618 1698
3221 3301
1742 1822
515 595
5928 6008
5751 5752
1173 1253
254 255
3872 3873
2061 2062
3266 3267
2961 2962
5128 5208
3938 3939
1412 1492
228 308
1655 1656
4470 4550
2647 2648
2170 2250
5068 5069
5143 5144
3895 3975
2633 2634
5576 5656
667 747
3180 3181
963 964
2034 2114
1381 1461
1058 1138
5002 5082
5171 5172
1649 1650
4017 4097
6168 6248
812 892
3041 3042
4426 4427
5676 5677
908 988
5276 5356
5867 5868
1918 1919
4023 4024
157 237
5432 5433
4211 4212
4685 4765
4815 4895
3416 3417
4006 4086
726 806
3447 3527
5407 5487
4754 4834
4202 4203
4109 4110
2349 2350
5789 5869
5091 5092
235 236
218 298
2472 2473
6246 6247
495 575
5945 6025
4640 4720
4337 4417
6253 6333
2756 2836
140 141
4525 4605
6030 6110
4350 4351
111 191
3532 3612
3923 3924
1350 1351
2826 2827
1815 1816
905 906
1094 1174
5014 5094
1800 1880
2973 2974
1853 1933
4892 4972
1636 1716
5529 5609
5571 5651
948 949
3016 3017
1114 1194
5744 5745
1690 1770
1586 1666
425 426
3401 3402
5457 5537
3389 3469
5114 5194
5483 5563
4279 4280
2959 2960
3018 3098
3968 3969
4658 4659
4527 4528
3171 3251
4163 4243
4404 4484
589 590
5148 5149
4164 4165
5578 5658
5946 6026
5396 5397
1112 1113
3398 3399
2089 2169
304 384
1279 1359
4408 4488
2106 2107
1319 1399
1315 1316
1301 1302
606 686
3095 3175
1846 1926
4765 4766
784 864
476 477
180 260
463 543
5989 5990
3106 3186
2492 2493
3340 3341
5998 5999
6270 6271
1453 1533
5392 5472
5759 5839
1476 1477
2454 2534
3483 3484
6306 6307
4610 4690
2931 3011
864 865
804 805
2995 2996
3126 3206
1712 1713
3938 4018
2723 2724
4627 4628
5753 5754
4980 4981
4323 4403
3540 3620
3754 3755
5838 5839
4340 4420
4715 4716
408 488
5319 5399
5907 5908
608 609
5029 5109
2173 2253
2279 2280
2422 2423
3707 3708
3574 3654
777 857
4430 4510
4994 4995
4345 4425
4705 4706
4334 4414
3607 3687
4521 4522
1341 1342
3933 3934
3231 3232
1465 1466
3787 3867
1608 1609
2099 2100
156 157
471 472
1244 1245
459 460
5362 5363
2884 2964
5278 5279
1995 2075
3428 3508
3594 3674
2669 2749
3188 3268
1100 1101
619 620
4875 4876
2615 2616
4576 4656
3551 3552
2691 2771
3497 3498
3079 3159
5504 5505
742 743
5609 5610
4894 4895
1015 1095
3808 3888
650 651
3614 3694
2185 2265
4579 4659
1948 2028
5028 5108
4509 4589
4207 4208
184 185
3162 3163
918 998
2249 2250
1039 1119
359 360
4395 4396
2499 2579
1110 1190
213 293
1089 1169
5438 5439
6265 6266
5986 5987
2043 2044
3584 3585
258 259
4593 4673
1441 1442
3465 3466
4155 4156
3726 3727
5123 5203
4890 4970
402 482
5576 5577
4412 4492
3156 3236
4842 4922
6301 6302
6258 6259
5957 6037
1473 1474
91 92
2227 2228
2641 2721
4475 4555
2210 2290
6252 6253
4572 4652
1216 1296
4486 4566
5967 6047
2893 2973
5696 5697
1624 1704
3156 3157
4502 4503
5457 5458
1775 1855
508 588
4848 4928
1224 1225
4607 4687
2412 2413
1166 1167
3424 3425
1236 1316
308 388
2128 2129
1449 1450
4694 4774
364 444
5670 5671
6006 6007
2022 2023
5624 5625
6357 6358
5661 5662
351 431
127 207
506 586
42 122
6310 6311
5557 5637
2735 2736
5432 5512
2629 2709
4801 4881
4481 4482
3315 3395
4580 4660
373 374
4420 4500
1817 1818
890 970
2405 2485
4418 4419
5596 5676
2830 2910
4173 4253
284 285
1183 1184
335 415
610 690
5697 5698
4464 4544
2505 2506
6036 6037
2121 2201
2114 2194
1706 1707
863 864
6089 6169
4597 4677
4337 4338
3661 3741
5133 5134
3397 3477
2125 2126
1140 1220
4808 4888
2873 2874
3132 3133
5698 5699
2689 2690
3387 3388
851 852
5954 5955
3991 3992
2104 2105
3362 3442
410 411
3519 3599
6227 6307
3949 3950
3720 3721
3294 3295
442 522
3984 4064
4862 4942
927 928
3261 3262
4652 4653
5547 5548
5430 5510
5745 5825
4988 5068
3766 3846
6026 6027
5621 5622
166 246
3559 3560
4687 4688
2841 2842
3730 3731
2320 2400
4398 4399
1588 1668
6073 6074
4727 4807
6018 6019
4751 4831
6267 6347
3557 3637
5328 5408
883 963
5559 5560
3792 3872
5326 5327
491 571
4748 4828
339 419
3508 3509
82 83
3761 3762
1287 1367
3402 3482
1751 1752
4822 4823
1494 1495
4511 4591
4305 4306
715 795
408 409
2423 2424
4541 4542
1973 2053
1603 1604
1403 1404
29 30
3542 3622
4779 4859
807 808
4722 4723
4547 4627
4084 4164
3012 3092
6079 6080
1542 1622
1247 1248
3789 3790
1421 1422
1464 1465
1847 1927
4140 4141
4179 4180
866 946
71 72
5542 5622
1934 2014
636 637
5707 5708
1946 1947
4090 4091
5609 5689
5747 5748
519 599
5985 5986
336 337
3624 3625
2433 2513
1508 1509
4008 4088
6227 6228
4532 4533
6220 6300
5096 5176
656 736
1168 1169
3074 3154
5486 5566
5076 5077
2525 2605
2550 2551
1500 1580
5037 5117
2534 2614
280 281
43 44
3912 3992
3714 3794
1265 1345
5208 5209
2163 2164
4378 4458
5378 5458
861 862
448 528
147 227
4796 4797
3922 4002
704 784
4961 4962
4352 4353
3551 3631
5761 5762
450 451
4961 5041
4571 4651
3710 3711
5963 5964
1124 1125
1280 1360
2025 2026
2605 2685
5506 5586
6287 6367
3970 3971
1406 1486
6316 6396
4994 5074
3894 3895
4012 4092
1009 1089
875 876
5270 5271
641 642
5759 5760
454 534
4041 4121
6211 6212
170 250
180 181
1243 1323
323 324
6364 6365
5982 6062
1083 1163
702 703
1864 1865
6024 6104
4941 5021
2425 2426
3554 3634
378 458
6123 6203
5187 5267
5869 5949
4187 4267
410 490
2347 2427
5039 5119
5498 5578
425 505
2207 2287
4935 5015
5170 5171
297 377
5184 5185
4978 4979
3396 3476
1740 1741
4483 4484
4849 4929
2414 2494
4453 4454
886 966
2602 2603
4153 4154
43 123
4203 4283
5784 5785
460 461
5546 5547
1582 1583
2719 2799
5182 5262
2866 2946
6270 6350
1614 1615
5024 5025
752 832
3128 3129
1760 1840
5308 5388
3822 3902
4436 4437
2831 2832
3857 3937
3857 3858
6220 6221
2171 2251
89 90
3151 3231
2450 2451
4631 4632
5491 5492
1707 1708
2002 2003
5440 5520
4684 4764
5304 5384
1828 1829
2230 2231
4811 4891
208 209
4074 4075
3753 3754
2392 2472
5710 5711
3239 3319
6337 6338
329 330
710 711
3120 3200
2184 2185
3341 3342
4217 4218
5894 5895
1776 1856
5789 5790
2481 2482
756 757
2380 2460
3880 3881
610 611
1246 1247
4926 5006
2814 2815
2952 2953
4767 4847
2805 2806
38 118
2035 2036
4760 4761
183 263
4923 4924
3289 3290
4306 4307
5565 5645
3479 3480
3930 4010
6145 6146
3262 3263
2988 3068
2335 2415
114 194
86 166
4965 5045
2833 2913
6054 6055
940 941
5768 5848
1261 1341
6021 6022
1869 1870
4073 4074
4125 4205
853 933
3044 3124
4071 4072
97 98
1248 1249
3751 3831
5253 5254
418 498
4195 4275
3908 3988
4433 4513
5129 5130
3373 3453
5776 5856
3507 3508
4856 4857
5144 5224
4140 4220
3887 3967
5318 5398
3031 3032
2835 2915
1779 1780
2417 2418
1546 1626
605 606
1181 1182
391 471
4313 4314
4735 4815
3339 3340
4084 4085
5 85
511 591
4245 4246
1135 1215
4338 4339
1067 1068
2923 2924
5988 5989
3956 3957
89 169
4311 4391
846 926
1835 1836
824 904
1610 1611
4828 4829
5455 5535
5299 5379
4587 4588
1143 1144
5469 5549
5905 5985
5562 5642
2296 2376
3695 3775
2200 2280
2203 2283
5395 5396
4922 4923
1977 1978
2511 2591
572 652
1885 1965
1642 1643
2735 2815
5644 5645
2227 2307
386 466
4558 4559
2791 2792
6144 6145
5448 5528
702 782
64 65
1610 1690
288 289
250 251
395 475
5135 5136
177 257
175 176
5700 5701
132 212
3539 3619
829 909
4665 4745
6257 6337
1847 1848
4148 4149
872 873
3309 3310
2105 2185
5245 5246
1505 1585
3481 3482
5220 5300
1736 1816
3343 3423
5920 6000
1923 1924
4143 4223
5264 5344
3098 3099
3959 3960
1959 1960
5682 5762
1367 1447
2942 3022
5233 5313
4061 4062
2838 2918
3826 3827
4042 4122
2948 3028
5961 5962
5538 5618
160 240
2965 2966
6017 6097
4077 4078
6225 6226
4536 4616
4609 4689
1660 1661
129 209
5683 5763
3091 3092
4171 4172
2236 2237
3365 3445
3522 3602
1251 1252
574 654
563 564
1385 1386
4356 4436
409 410
1869 1949
2115 2116
192 193
3960 4040
2480 2560
330 331
1665 1745
4496 4497
6081 6082
5414 5415
2219 2220
5796 5876
5322 5402
1581 1582
1034 1035
5251 5331
1497 1577
21 101
3648 3728
3868 3948
2441 2442
3439 3519
2636 2716
2951 3031
4220 4300
5028 5029
3903 3983
4907 4987
1790 1791
1459 1539
5267 5268
6312 6313
585 586
3959 4039
5311 5312
1583 1663
3008 3088
1308 1388
6043 6123
4048 4128
3307 3308
2255 2256
1226 1227
2144 2224
2658 2659
4363 4443
3362 3363
3675 3676
3017 3018
6078 6158
1666 1746
2544 2624
2389 2469
5363 5364
5832 5912
1323 1403
500 501
4807 4887
3193 3273
822 902
4475 4476
5903 5983
2205 2206
3807 3808
808 888
2504 2505
5338 5418
2408 2409
1483 1563
2859 2860
28 108
991 1071
5850 5930
5660 5661
77 157
2641 2642
4523 4603
5627 5707
4030 4031
424 425
4639 4719
4949 5029
5297 5377
4408 4409
1109 1189
2068 2069
838 918
287 367
319 399
1080 1160
2882 2962
286 366
531 611
6268 6269
1453 1454
499 500
3381 3461
2928 2929
2974 2975
4673 4753
3313 3393
5257 5258
1571 1651
3296 3297
4103 4183
6268 6348
6199 6279
2562 2563
4606 4607
157 158
3108 3188
6104 6184
3140 3141
3626 3627
4898 4978
285 365
3332 3333
1743 1744
2247 2248
225 226
5615 5616
3183 3263
5894 5974
1298 1299
2671 2751
1313 1393
5521 5601
5750 5830
3312 3313
889 890
5684 5764
4347 4427
730 810
5621 5701
121 201
4832 4912
4443 4523
2012 2092
2808 2888
2470 2471
1593 1594
4491 4492
6031 6032
4740 4741
4135 4136
5811 5891
131 132
764 765
5152 5232
4839 4840
1993 2073
4517 4518
4890 4891
2804 2884
5841 5842
1404 1484
1155 1235
5564 5644
3490 3570
1259 1339
4543 4623
1922 2002
590 591
2916 2996
4074 4154
4800 4880
4342 4343
947 948
661 741
1995 1996
1047 1127
2943 3023
5819 5820
5048 5049
3014 3094
1962 2042
5300 5301
4812 4892
3540 3541
2044 2124
3310 3390
1310 1390
3729 3730
1697 1698
3581 3661
3350 3430
4411 4491
558 638
3257 3258
2869 2949
620 700
241 242
5943 5944
4494 4574
3605 3606
5979 5980
5291 5371
1969 2049
4143 4144
2962 3042
1388 1389
637 638
2862 2863
1375 1376
3941 4021
5980 6060
971 972
2380 2381
360 440
6386 6387
4199 4279
1233 1313
873 874
908 909
6206 6207
5991 5992
484 485
144 145
6361 6362
279 359
340 420
5922 5923
3311 3312
2677 2678
2346 2426
874 875
1781 1782
861 941
5315 5395
1993 1994
6245 6325
3382 3462
4715 4795
108 188
1346 1347
2131 2132
4424 4425
3251 3252
6094 6095
2162 2163
3006 3007
1234 1314
2842 2922
2297 2298
453 533
1733 1813
4265 4266
4303 4304
3876 3956
829 830
3503 3504
1758 1838
5512 5592
4695 4696
6112 6192
997 998
3961 4041
974 1054
1762 1842
4704 4784
5246 5326
2310 2390
3784 3785
5441 5442
4518 4598
2112 2192
1020 1100
1262 1263
2679 2680
2778 2858
2235 2236
3034 3035
3204 3205
4764 4844
5757 5758
1435 1515
2172 2252
6292 6293
674 675
498 499
2262 2263
3621 3622
5048 5128
3521 3601
3173 3174
1813 1893
5404 5405
1888 1889
6090 6170
1929 2009
3833 3913
5177 5178
4279 4359
4372 4452
329 409
926 927
6147 6148
6234 6314
536 616
680 760
226 227
5166 5246
4927 5007
1755 1756
3303 3383
1075 1076
5041 5121
3281 3282
4206 4286
5370 5371
4866 4867
5684 5685
4810 4890
2487 2488
911 912
4064 4144
4282 4283
1413 1414
6077 6078
362 363
5053 5054
4683 4763
6174 6175
4356 4357
1347 1427
2897 2898
5300 5380
997 1077
4642 4643
2583 2584
404 484
527 607
3909 3910
3719 3720
3395 3475
4504 4584
1682 1683
2858 2859
5667 5747
757 758
3757 3758
4454 4455
1530 1610
3674 3675
5612 5692
3299 3379
3671 3672
4610 4611
1454 1534
499 579
4647 4648
1773 1774
991 992
4910 4990
1379 1459
2181 2261
6171 6251
3314 3315
5916 5917
283 284
868 869
5079 5080
642 722
1399 1400
1442 1443
4682 4762
306 386
614 694
3148 3228
4315 4395
6172 6252
2250 2330
955 1035
3630 3631
670 750
2686 2766
3732 3733
5103 5104
1578 1658
1801 1802
217 218
6153 6233
6092 6093
5660 5740
2675 2676
5076 5156
5804 5805
76 77
3047 3048
2941 2942
3244 3245
3317 3397
31 32
3262 3342
5713 5714
4831 4911
3318 3398
4296 4297
107 108
5437 5517
4557 4558
5444 5524
6110 6190
522 602
524 525
5272 5273
927 1007
45 125
1171 1251
4624 4625
1057 1137
1931 2011
6069 6070
699 700
319 320
2888 2889
5510 5511
5102 5103
4360 4440
1997 1998
617 697
1053 1054
3821 3822
1783 1784
1038 1039
1366 1446
3760 3840
4537 4538
934 935
2806 2807
3252 3253
573 653
2923 3003
5805 5806
751 831
5523 5524
3836 3916
1877 1957
363 443
1090 1091
6233 6313
3646 3647
3373 3374
1650 1730
5675 5755
2311 2391
212 213
685 686
1668 1669
1371 1372
4128 4129
4706 4707
5290 5370
2086 2166
67 68
2744 2745
904 905
3205 3206
4066 4146
2818 2819
6033 6034
1633 1713
2569 2649
6140 6220
5068 5148
1870 1950
1147 1148
3524 3604
3637 3638
3443 3444
2619 2620
985 986
4719 4720
4993 5073
1887 1967
2108 2188
4244 4245
2442 2522
5062 5142
1166 1246
4325 4405
2324 2404
766 846
1714 1715
633 634
3869 3870
669 670
4040 4041
2628 2708
1499 1579
1217 1218
3749 3829
569 649
2913 2993
4723 4724
3703 3704
5492 5572
562 642
4589 4590
3756 3757
5015 5095
5229 5230
3418 3498
3613 3614
2311 2312
3736 3737
1411 1412
4573 4574
3093 3173
5464 5544
5309 5389
3438 3439
2467 2547
679 680
5188 5189
1966 2046
4167 4247
1681 1761
2981 2982
8 9
2809 2810
3782 3862
1481 1482
1175 1176
4186 4266
5884 5964
1891 1971
5153 5233
5749 5750
2714 2715
2531 2532
5473 5553
61 62
2715 2716
449 450
5634 5635
2626 2627
5481 5482
444 524
1006 1007
2327 2407
3394 3474
2142 2143
2002 2082
5243 5323
2571 2572
4040 4120
1839 1840
568 569
3665 3666
1135 1136
1186 1187
5107 5187
6331 6332
6060 6061
2211 2212
5883 5884
6136 6137
3433 3434
4359 4360
5999 6000
5392 5393
2042 2043
1618 1619
1181 1261
6210 6290
1186 1266
4075 4076
3247 3248
2529 2609
1549 1550
850 851
4922 5002
4708 4788
3081 3082
6083 6163
4908 4909
2716 2717
3023 3103
2010 2090
4674 4754
4399 4479
1766 1767
2954 2955
2965 3045
1739 1819
2037 2117
595 675
3878 3958
5956 5957
1176 1256
1774 1854
5413 5414
3701 3702
3669 3749
6023 6103
3030 3031
796 876
4857 4937
2512 2592
5131 5211
5656 5657
2638 2718
5652 5653
5320 5400
638 639
2242 2322
2757 2758
6020 6100
4241 4242
5518 5519
2564 2644
5500 5580
6072 6152
1345 1425
4268 4269
2489 2490
2902 2903
6085 6165
5949 6029
3599 3600
3209 3210
2444 2524
6085 6086
1069 1149
3243 3323
4653 4733
1784 1864
2282 2362
4352 4432
1564 1644
821 822
4106 4107
6298 6299
4698 4699
4944 4945
864 944
749 829
3601 3681
5203 5204
3704 3705
4835 4915
5453 5454
6259 6260
5022 5102
6249 6329
2172 2173
3841 3842
5409 5489
4187 4188
1597 1677
5933 6013
2745 2825
289 369
2944 3024
4011 4091
2947 2948
5094 5095
3186 3266
2853 2933
4048 4049
138 139
3240 3241
1477 1478
5282 5283
5279 5280
3150 3151
5357 5437
1309 1389
4984 5064
1192 1272
930 1010
988 1068
599 679
2054 2134
5843 5923
2014 2094
4698 4778
3655 3656
3462 3463
3717 3797
1395 1475
3027 3107
1590 1591
1807 1808
4605 4685
644 724
2747 2748
5825 5905
2979 2980
6189 6190
4750 4751
3233 3234
4137 4217
3758 3759
3783 3784
1400 1401
5760 5840
2519 2520
2786 2866
1059 1060
3613 3693
3537 3538
4578 4579
2150 2230
4544 4624
2613 2693
818 819
5230 5310
6327 6328
6213 6293
3928 4008
2187 2267
342 422
5097 5098
275 276
1946 2026
2543 2623
130 210
1664 1744
3469 3470
3360 3440
4013 4093
4693 4773
778 858
3906 3986
1075 1155
4168 4169
4441 4442
3346 3426
6013 6014
2260 2261
4950 5030
3689 3769
2768 2769
4257 4337
1892 1893
294 374
236 316
1841 1842
54 134
658 738
5307 5308
5608 5688
6029 6030
6117 6118
2632 2712
3524 3525
5774 5775
3499 3579
5176 5256
2956 3036
4559 4560
6365 6366
4695 4775
983 984
1806 1886
1556 1636
5391 5392
4464 4465
1612 1692
2264 2265
35 36
2580 2660
3248 3249
2865 2866
1016 1017
4666 4667
409 489
1931 1932
5342 5422
5699 5779
612 692
116 117
6303 6304
4149 4150
1778 1858
4702 4782
3044 3045
5036 5116
3718 3798
1970 1971
3288 3368
1472 1552
5812 5813
785 786
5877 5957
3825 3826
5989 6069
5067 5068
2045 2046
3809 3889
2404 2405
1745 1825
2269 2270
4510 4511
3645 3725
3886 3887
314 394
4359 4439
810 890
4122 4202
772 852
5314 5315
1666 1667
2407 2487
3619 3620
2095 2096
494 574
5929 6009
3138 3218
1873 1874
5777 5857
4978 5058
1106 1107
4693 4694
199 279
5314 5394
6151 6231
6332 6333
1889 1969
4953 5033
3214 3294
4889 4890
300 380
3647 3727
5681 5761
643 644
467 468
4656 4736
3779 3859
2825 2905
6282 6283
2595 2675
4461 4462
1079 1080
370 450
5306 5386
2552 2632
2343 2344
4972 5052
1848 1928
5184 5264
1848 1849
373 453
3296 3376
596 597
5961 6041
2209 2289
4837 4838
1098 1099
3556 3636
4320 4400
3932 4012
5796 5797
5572 5573
4891 4971
1430 1510
3489 3490
4368 4369
4191 4192
759 839
5084 5164
414 494
690 770
2295 2296
251 252
4909 4989
5222 5302
3323 3324
2303 2383
3917 3997
2164 2165
3070 3150
3282 3283
2377 2457
3509 3589
1890 1891
5120 5200
5169 5249
1678 1758
151 152
6098 6178
2288 2368
878 958
2863 2943
5815 5895
5459 5539
4924 5004
1010 1011
875 955
6039 6040
4911 4991
733 813
3110 3111
5650 5730
3168 3248
2314 2315
2225 2305
2511 2512
5159 5160
1300 1380
113 114
5368 5369
2876 2877
1872 1952
3823 3903
1064 1144
4339 4340
5316 5396
1930 2010
5619 5620
5931 6011
5448 5449
387 467
2900 2980
3094 3095
2674 2754
1359 1439
3963 4043
3750 3751
4726 4806
1624 1625
554 555
5837 5838
4183 4263
4656 4657
4593 4594
5003 5083
1662 1742
5115 5195
2088 2168
495 496
1411 1491
403 483
6063 6143
2073 2153
5735 5736
25 105
4034 4114
5539 5540
1387 1467
4929 5009
758 838
6158 6238
406 407
4327 4407
6097 6098
5997 5998
3192 3272
3152 3232
691 692
3791 3792
3029 3109
458 538
4545 4625
996 1076
6279 6359
1408 1488
4117 4197
1531 1611
1735 1815
5563 5643
4868 4869
5836 5837
6160 6240
790 791
2907 2987
4217 4297
840 841
4529 4609
172 252
4171 4251
3056 3136
4525 4526
5840 5920
3964 3965
1131 1132
6101 6181
2625 2626
659 660
790 870
230 231
1152 1153
3723 3803
4791 4871
4527 4607
5100 5180
5781 5861
385 465
538 539
3849 3929
1751 1831
3305 3306
5599 5679
1074 1154
1571 1572
1676 1677
3059 3060
2792 2872
5709 5710
3232 3312
1365 1445
2062 2063
1005 1085
2205 2285
2273 2274
420 500
3567 3647
5568 5648
4849 4850
6217 6218
1777 1778
6061 6062
5987 6067
1768 1848
4 5
421 422
6112 6113
166 167
4650 4651
641 721
2341 2342
3059 3139
1896 1897
6241 6242
3856 3857
423 424
2546 2547
5694 5774
392 472
5442 5443
2440 2520
5692 5693
3357 3358
1158 1159
1038 1118
5232 5233
2517 2518
1041 1121
3696 3776
6294 6374
1587 1667
2951 2952
5261 5262
2510 2511
6193 6194
2167 2168
897 898
3541 3621
1761 1841
3383 3384
2683 2684
3882 3883
2682 2762
4060 4140
5595 5596
4129 4130
6191 6192
4315 4316
357 437
2342 2343
4039 4040
3256 3336
4021 4101
4556 4557
5386 5466
5674 5754
607 687
3326 3406
5138 5218
664 744
4459 4460
1879 1959
4368 4448
4219 4299
2246 2326
788 789
5579 5659
3286 3287
3890 3970
1499 1500
6124 6125
4093 4094
2204 2205
987 988
3919 3999
6396 6397
6209 6289
1281 1282
4609 4610
4082 4083
2132 2133
1921 1922
4197 4277
3872 3952
2770 2850
954 955
4895 4975
4608 4688
2892 2893
4616 4696
3832 3912
3594 3595
4404 4405
1369 1449
4439 4440
1960 2040
2244 2324
3267 3347
1988 2068
1693 1773
469 470
1547 1548
3273 3274
195 275
2305 2385
5960 5961
1193 1194
3320 3321
5963 6043
3764 3765
2109 2189
773 853
2697 2777
2096 2176
6015 6095
3818 3898
5437 5438
4423 4503
6195 6275
4463 4543
3177 3178
5422 5423
470 550
1447 1448
1078 1079
5369 5370
134 135
1576 1577
5637 5638
2597 2677
2221 2301
5480 5481
282 283
3400 3480
5592 5593
3632 3633
4804 4805
4582 4583
728 729
4190 4270
3307 3387
4960 5040
3355 3356
3312 3392
4498 4578
2810 2890
4854 4934
3565 3645
316 396
609 689
2193 2194
6162 6242
815 816
1988 1989
2990 3070
5659 5660
3042 3122
2540 2620
4367 4447
4377 4378
2517 2597
1409 1410
6093 6173
1304 1384
3007 3087
4825 4905
3349 3429
2726 2727
3476 3556
2133 2213
3133 3134
1621 1622
1249 1250
2174 2175
5901 5981
4957 5037
567 647
4405 4406
4555 4556
4231 4232
2990 2991
781 782
6257 6258
4196 4197
4603 4683
2912 2992
1688 1689
3657 3737
331 332
5575 5576
2796 2797
2987 3067
5992 5993
3166 3246
5244 5324
4104 4105
635 715
3650 3730
4185 4265
3143 3223
2646 2647
3004 3084
4477 4557
3643 3644
4123 4124
6379 6380
2666 2746
4560 4640
20 100
1481 1561
871 951
5364 5365
4861 4862
1566 1646
167 168
1910 1911
5192 5272
5387 5388
751 752
3390 3470
2355 2435
4860 4861
4278 4279
5142 5143
962 1042
6174 6254
4019 4020
3160 3240
3949 4029
3516 3596
990 1070
929 1009
3754 3834
3711 3712
4018 4019
1045 1125
1703 1783
3154 3155
4788 4868
2515 2595
493 573
2017 2018
41 42
4018 4098
665 666
6307 6308
3712 3713
5089 5090
2538 2618
4090 4170
3975 4055
2223 2224
3060 3061
4180 4181
2256 2336
5958 5959
619 699
462 463
955 956
2226 2227
436 516
3420 3421
6244 6324
1787 1788
5262 5342
260 261
3157 3158
2291 2371
3436 3516
253 254
2899 2979
4250 4330
639 719
4459 4539
4967 4968
786 866
3651 3731
2890 2970
3774 3775
933 934
1860 1940
4147 4148
2801 2881
2154 2234
535 615
5913 5914
3933 4013
2447 2448
6200 6280
677 678
6009 6010
2918 2998
5080 5081
3052 3053
1419 1499
4386 4466
3482 3483
1909 1910
5740 5820
3826 3906
4521 4601
6135 6136
2850 2851
5558 5638
1765 1845
3662 3663
4226 4306
924 1004
1521 1522
525 605
4678 4758
2813 2893
3741 3821
2031 2032
271 272
1225 1305
3891 3892
1460 1461
5058 5138
1274 1354
1343 1423
3125 3205
2393 2394
2273 2353
693 694
2223 2303
6296 6376
6148 6228
2727 2807
5885 5886
2017 2097
5097 5177
2176 2256
1667 1747
71 151
1505 1506
1859 1939
3372 3452
3368 3369
5137 5217
5124 5204
4782 4862
1842 1843
2852 2932
3711 3791
1528 1608
3577 3657
1162 1163
1438 1518
3870 3950
1399 1479
5105 5106
1394 1474
6284 6285
5275 5276
1142 1222
4744 4745
1803 1883
4564 4644
2717 2718
1106 1186
953 1033
4575 4576
2706 2707
6281 6282
604 605
1374 1375
1862 1863
1920 2000
1111 1191
9 10
4591 4592
2409 2410
2741 2742
2294 2295
5098 5099
2894 2895
1983 2063
343 423
4520 4521
2957 2958
919 999
3116 3196
5280 5360
3321 3322
1511 1512
5455 5456
1902 1982
737 817
2899 2900
4581 4582
6254 6334
1264 1265
2898 2978
815 895
4406 4486
4146 4147
4329 4330
362 442
5509 5510
2145 2146
1077 1078
5198 5278
3488 3568
3737 3817
4145 4146
1361 1362
3364 3365
68 148
48 128
1703 1704
4814 4815
5461 5462
2195 2275
5043 5044
2794 2874
6022 6102
5177 5257
2049 2129
2270 2350
6049 6129
2232 2233
2372 2452
4780 4781
2724 2804
5892 5893
4533 4613
5434 5514
4892 4893
4792 4793
4358 4438
3072 3152
2730 2810
6132 6212
83 163
230 310
2197 2277
4007 4008
3635 3636
4846 4847
3108 3109
1107 1108
4198 4199
5356 5357
6127 6207
2540 2541
1626 1706
5703 5704
5389 5469
5301 5381
4134 4135
2587 2588
678 758
3078 3158
5962 6042
5647 5648
2588 2668
3844 3924
3418 3419
5658 5659
3720 3800
5004 5005
4284 4364
6157 6237
2992 3072
915 916
2932 3012
3789 3869
6047 6127
5645 5646
2749 2750
3559 3639
6129 6209
4355 4435
3496 3576
2326 2406
3304 3305
5503 5583
2762 2763
3875 3955
4482 4483
6061 6141
2333 2334
2620 2621
657 737
5450 5530
2124 2204
4536 4537
217 297
5747 5827
321 401
5394 5474
4530 4610
2081 2082
1458 1459
1048 1049
5494 5495
2078 2079
5260 5261
3198 3199
1389 1390
1967 1968
2024 2025
646 647
3304 3384
281 361
1294 1374
2515 2516
3666 3746
176 177
4912 4913
5561 5562
2692 2772
512 592
2374 2375
4659 4739
4546 4626
809 810
3124 3204
5853 5933
2499 2500
6042 6043
1695 1696
162 163
5252 5253
2768 2848
2975 2976
747 827
4945 5025
472 473
3625 3705
1113 1114
2905 2985
4991 5071
4102 4103
5339 5419
4721 4722
4182 4183
5828 5829
2058 2138
3005 3085
1144 1145
4853 4854
5902 5982
3533 3534
2331 2332
2936 2937
5853 5854
866 867
2470 2550
396 397
3603 3604
1338 1339
4766 4767
2725 2726
5203 5283
1370 1450
4588 4589
1427 1507
2130 2210
5906 5986
5426 5506
3691 3771
548 549
2358 2359
4288 4289
4826 4827
179 259
1752 1753
2342 2422
5092 5093
1423 1503
4457 4537
3496 3497
5520 5600
1607 1608
2777 2857
101 181
2483 2563
5088 5089
5281 5282
4636 4716
976 977
1678 1679
3459 3539
3167 3247
5750 5751
730 731
46 47
5678 5758
5767 5847
1661 1662
3792 3793
1824 1904
1204 1284
353 433
1031 1032
215 295
492 493
316 317
5406 5407
865 945
311 312
417 418
1260 1261
1328 1408
928 929
3831 3911
1753 1754
2090 2091
5092 5172
223 224
1590 1670
2055 2056
5791 5792
4503 4504
2790 2870
2939 2940
4191 4271
4054 4055
4082 4162
3239 3240
1018 1098
4400 4480
3785 3786
94 95
209 289
2460 2540
4107 4108
5467 5547
4294 4374
1470 1471
265 345
4700 4701
3406 3486
375 376
2198 2278
2140 2141
2216 2217
1560 1561
3643 3723
3644 3724
3616 3617
5145 5225
4930 5010
4016 4017
1014 1094
4904 4984
2519 2599
3043 3044
5659 5739
626 627
2645 2725
3571 3572
3197 3198
608 688
5435 5436
3255 3335
1362 1442
1647 1727
3451 3531
2346 2347
3588 3668
6259 6339
3446 3526
6031 6111
5130 5131
4358 4359
1733 1734
1487 1567
1648 1728
3568 3569
5482 5562
6096 6097
5063 5064
598 599
2524 2525
5194 5195
877 957
1636 1637
1474 1475
6311 6312
561 641
813 814
1558 1559
3048 3128
727 807
1766 1846
6049 6050
3999 4079
1893 1894
2388 2389
2316 2317
4165 4245
53 54
4200 4201
1954 1955
3719 3799
4630 4631
2361 2441
806 886
4022 4102
276 356
1001 1002
4977 4978
4205 4206
771 851
379 380
5628 5708
5953 6033
132 133
3964 4044
834 835
5205 5206
5504 5584
3021 3022
490 491
4238 4239
6074 6154
1442 1522
4229 4230
4087 4167
2413 2414
1976 2056
5602 5682
639 640
4427 4428
1436 1437
2202 2203
5324 5404
1562 1563
3945 3946
4858 4859
2077 2078
3283 3284
3189 3269
5632 5712
155 235
5088 5168
1356 1436
6122 6123
1584 1585
1351 1431
2935 3015
5283 5363
3115 3116
1639 1640
2905 2906
1150 1230
847 848
890 891
6221 6222
1846 1847
4198 4278
2009 2010
1100 1180
6069 6149
2431 2511
2019 2020
1996 2076
2820 2821
4822 4902
1791 1792
3322 3323
918 919
2249 2329
4468 4548
4599 4600
4703 4783
1776 1777
1446 1447
698 778
4088 4168
648 728
57 58
4146 4226
3432 3433
3064 3144
1102 1103
4628 4629
2343 2423
5142 5222
5850 5851
1520 1600
3688 3768
4996 4997
577 578
2657 2737
4173 4174
3698 3699
2192 2193
5935 5936
5248 5328
154 155
4763 4843
1764 1765
3066 3067
2041 2121
4070 4150
3818 3819
2555 2556
4131 4132
502 503
112 192
2600 2680
377 378
5442 5522
5474 5475
5926 5927
979 1059
1141 1142
3338 3418
32 33
4295 4375
3100 3101
4914 4994
473 553
5911 5991
533 534
4550 4551
5583 5663
5340 5420
6021 6101
1107 1187
4008 4009
6159 6239
4648 4649
3199 3200
1306 1386
5219 5299
720 800
554 634
6142 6143
4322 4402
5679 5680
6305 6306
3150 3230
1357 1358
3907 3987
3057 3058
4243 4323
4663 4743
604 684
6167 6247
5332 5333
1675 1676
3073 3153
312 313
1617 1697
198 278
847 927
1612 1613
2192 2272
3011 3012
5888 5968
1085 1165
4615 4616
5162 5163
2438 2518
5977 5978
84 164
1635 1715
5261 5341
824 825
636 716
1072 1152
2475 2555
2839 2919
1269 1349
187 188
2922 3002
1209 1210
3247 3327
811 812
3542 3543
1162 1242
3196 3276
1722 1802
4105 4185
3531 3532
4120 4121
1363 1443
2244 2245
5114 5115
4100 4180
4718 4719
4734 4814
396 476
4668 4669
2428 2508
4666 4746
761 841
240 320
4787 4788
1782 1862
289 290
6393 6394
5292 5293
998 999
2571 2651
3454 3534
2135 2136
5285 5365
3892 3972
468 469
6303 6383
5425 5505
5732 5733
1795 1875
1126 1127
3659 3660
519 520
5627 5628
69 70
3731 3811
3395 3396
1318 1398
4628 4708
4267 4347
5077 5157
3190 3270
2421 2422
3883 3963
2651 2731
77 78
1395 1396
2677 2757
2117 2118
5154 5155
4896 4897
5215 5295
1428 1508
600 601
5431 5432
1598 1599
867 868
5030 5110
386 387
3021 3101
49 129
1017 1097
5723 5724
2290 2370
3175 3255
5943 6023
5227 5307
1580 1581
6035 6115
1956 2036
5590 5670
2413 2493
1197 1277
3023 3024
1109 1110
4003 4083
2254 2334
1145 1146
746 826
3574 3575
517 597
2152 2232
2454 2455
3269 3270
5534 5614
3411 3412
5938 5939
5019 5020
158 238
2495 2575
808 809
1457 1537
4773 4774
4840 4841
5424 5425
1456 1457
4885 4886
975 1055
2253 2333
1464 1544
952 953
1758 1759
5541 5542
36 116
2773 2853
1619 1699
4118 4119
5701 5781
2298 2378
2906 2986
2053 2133
62 142
1401 1402
486 487
6242 6243
5 6
5345 5425
4236 4316
1269 1270
4937 4938
5880 5960
4163 4164
5799 5879
1905 1985
5221 5301
5160 5240
5975 5976
5046 5126
3144 3145
5871 5951
2059 2139
184 264
3073 3074
1365 1366
4562 4563
6348 6349
2165 2166
2834 2835
1939 2019
5213 5293
3022 3023
4222 4223
2028 2029
5524 5525
5657 5737
1195 1196
950 951
3589 3669
5522 5602
4189 4190
5536 5537
173 253
1324 1325
1840 1920
849 850
4727 4728
3946 4026
3537 3617
4714 4794
1659 1739
3935 4015
4318 4319
2849 2850
4413 4414
3593 3673
105 106
781 861
2059 2060
6136 6216
5031 5032
5681 5682
5909 5989
1433 1434
2971 3051
449 529
3243 3244
2843 2844
4387 4467
1705 1785
14 94
4001 4002
2071 2151
3678 3758
278 358
3585 3586
911 991
419 420
5447 5527
5940 5941
27 28
5288 5289
4899 4900
2155 2156
355 435
1314 1315
390 470
1462 1542
1909 1989
1398 1399
3560 3561
2953 3033
2006 2007
4819 4899
326 327
1523 1603
4891 4892
4955 4956
4966 4967
2046 2047
6197 6277
443 523
6291 6292
1123 1203
5795 5875
4519 4599
268 269
1919 1999
4863 4943
5560 5561
3377 3378
2989 3069
1033 1034
5313 5314
3381 3382
3783 3863
4863 4864
2217 2218
5001 5081
305 385
4150 4151
2764 2844
3885 3886
4783 4863
339 340
4326 4406
5459 5460
5197 5277
4834 4835
579 580
3961 3962
4321 4322
2704 2705
370 371
5844 5845
3223 3224
6058 6059
5996 6076
6177 6257
6390 6391
3602 3603
1337 1417
2523 2524
1330 1410
4837 4917
5825 5826
2583 2663
707 708
5951 6031
2254 2255
1358 1359
4742 4743
5973 5974
5630 5631
3992 4072
1671 1672
4688 4768
629 709
3101 3181
1694 1774
2738 2739
4113 4114
4353 4433
6366 6367
6247 6248
1811 1812
293 294
1714 1794
5878 5958
2962 2963
1897 1977
5398 5478
1439 1519
2579 2659
2630 2631
4340 4341
3652 3732
6082 6162
528 529
1518 1519
964 965
4035 4036
1686 1766
4803 4804
134 214
2889 2969
5502 5503
3112 3113
6122 6202
1458 1538
1179 1259
5716 5796
1834 1835
5783 5784
1357 1437
6077 6157
2252 2253
1351 1352
361 441
5253 5333
895 896
1631 1632
6093 6094
5128 5129
64 144
2541 2542
5846 5847
288 368
5800 5801
965 1045
611 612
2195 2196
5731 5732
1853 1854
4932 5012
3290 3370
2753 2833
5529 5530
4053 4054
546 547
2399 2400
2091 2171
4755 4756
1953 1954
5012 5013
4812 4813
3996 4076
4333 4334
3301 3302
5719 5720
242 243
5651 5652
2561 2562
4126 4206
5653 5733
3988 4068
5224 5225
5954 6034
3107 3187
3261 3341
5801 5881
5035 5036
527 528
2034 2035
4995 4996
6161 6241
2859 2939
1489 1569
6116 6196
5603 5604
2046 2126
3230 3231
2259 2260
588 589
1006 1086
2459 2539
5349 5429
2352 2432
1396 1397
974 975
662 663
833 913
2005 2085
4876 4956
2052 2053
4927 4928
3505 3585
913 914
5602 5603
5949 5950
4766 4846
2465 2545
1125 1126
5472 5552
2015 2095
3854 3855
3498 3578
708 788
5490 5491
118 119
710 790
2349 2429
5077 5078
1467 1468
1250 1330
859 939
1207 1287
1210 1211
3707 3787
4245 4325
3584 3664
1486 1487
4043 4123
5539 5619
1053 1133
944 1024
2014 2015
3510 3590
5642 5643
2872 2873
2672 2673
4396 4397
3746 3747
3516 3517
4820 4900
5807 5808
5087 5167
1739 1740
6187 6267
5725 5805
3595 3675
4522 4523
6295 6375
3378 3458
731 811
5548 5549
5871 5872
3706 3707
3972 4052
5010 5090
2729 2730
4928 5008
1097 1177
2956 2957
5833 5834
1062 1142
4775 4776
3848 3849
333 334
6198 6278
3916 3917
198 199
5881 5882
5094 5174
5544 5545
741 821
5277 5357
3705 3706
2611 2691
2261 2262
1060 1140
2619 2699
3670 3671
5383 5384
1613 1693
380 381
6288 6289
2895 2975
2822 2902
3128 3208
1511 1591
565 645
3269 3349
2092 2172
987 1067
1433 1513
4034 4035
1207 1208
5838 5918
2844 2924
3801 3802
4709 4710
1926 1927
1143 1223
6075 6155
1663 1743
2352 2353
1412 1413
5698 5778
3284 3285
414 415
3744 3745
23 103
5045 5046
1311 1312
3696 3697
3180 3260
2209 2210
4391 4392
848 849
672 752
1987 2067
450 530
6180 6260
2836 2916
2476 2556
5353 5354
105 185
3028 3029
4600 4601
229 309
4498 4499
3089 3169
5404 5484
3200 3280
338 418
3770 3850
5847 5927
6144 6224
1778 1779
2102 2182
1358 1438
5707 5787
570 650
4620 4700
1594 1674
3077 3078
2127 2128
3561 3562
4323 4324
5478 5558
5804 5884
4388 4468
1224 1304
5575 5655
3980 4060
4425 4505
436 437
3544 3545
1441 1521
4138 4139
2644 2724
4879 4880
428 429
327 328
3662 3742
270 350
6252 6332
5895 5975
1633 1634
773 774
1078 1158
4839 4919
3599 3679
4589 4669
5458 5538
5484 5564
4044 4045
2631 2711
5214 5294
3466 3467
1466 1467
5826 5827
2382 2462
735 815
5259 5260
4390 4470
5072 5152
4026 4106
4983 5063
3597 3677
129 130
5810 5890
1171 1172
3633 3713
2646 2726
292 293
2934 2935
766 767
1803 1804
5538 5539
455 535
1596 1676
125 205
979 980
6274 6354
3038 3039
1178 1179
6027 6028
439 440
956 1036
429 430
2742 2822
1568 1569
725 805
5181 5261
4916 4996
55 135
2449 2529
5885 5965
2404 2484
13 93
2614 2615
2236 2316
5766 5767
4906 4907
3980 3981
1611 1691
5352 5432
6188 6268
427 428
3552 3632
830 910
6098 6099
2807 2808
6141 6142
2325 2326
1292 1293
2861 2941
819 899
743 823
3221 3222
5427 5428
887 888
2531 2611
4718 4798
344 424
5129 5209
2720 2800
2690 2691
2167 2247
5697 5777
2011 2012
4575 4655
1896 1976
5549 5629
1681 1682
33 113
2665 2745
1525 1526
2182 2262
4497 4498
5689 5769
3721 3801
4740 4820
924 925
1235 1315
3160 3161
5788 5868
3788 3789
3452 3453
2848 2928
5675 5676
2435 2436
2307 2308
3639 3640
2662 2663
724 804
4805 4806
5084 5085
5180 5181
729 730
4724 4725
2741 2821
4859 4860
5480 5560
5921 5922
3256 3257
5061 5062
896 976
4111 4191
2657 2658
1907 1908
3329 3330
2138 2218
660 661
3815 3895
3460 3461
3332 3412
1290 1370
244 245
242 322
5928 5929
2949 2950
4496 4576
4745 4825
4166 4246
1273 1274
3222 3223
3952 3953
964 1044
215 216
5140 5220
1475 1476
3141 3221
26 106
2082 2083
3011 3091
6253 6254
5055 5135
1832 1912
1124 1204
2874 2875
302 382
2338 2339
3217 3297
382 383
5005 5006
601 681
4010 4011
468 548
3994 4074
3036 3037
4850 4851
4817 4897
6246 6326
5891 5892
1573 1653
555 635
117 197
2371 2372
3144 3224
3578 3579
1444 1445
2680 2681
2199 2279
4758 4838
52 53
3043 3123
1037 1038
4702 4703
4803 4883
4700 4780
5099 5179
2189 2269
2128 2208
3667 3668
2733 2734
1178 1258
1718 1798
3566 3567
775 855
1704 1705
3871 3872
207 287
1589 1590
4605 4606
5994 6074
3573 3574
2709 2789
261 341
6070 6150
2054 2055
121 122
1782 1783
1537 1538
4606 4686
4175 4255
4234 4235
94 174
1866 1946
5842 5922
3115 3195
5131 5132
5116 5196
133 213
4689 4769
4687 4767
860 861
5400 5401
1748 1749
507 508
2350 2351
4311 4312
3123 3203
6314 6315
4654 4734
3656 3736
6138 6218
2270 2271
3015 3016
2785 2786
5550 5551
2509 2589
597 677
290 291
907 987
1599 1600
4477 4478
3536 3616
5307 5387
2742 2743
3205 3285
2946 3026
2650 2730
1067 1147
2453 2533
3322 3402
2580 2581
6087 6088
2183 2184
5763 5764
3349 3350
3252 3332
2736 2737
4465 4545
5899 5979
3387 3467
2391 2471
6189 6269
1957 1958
5199 5200
2902 2982
1022 1102
4982 4983
2581 2582
5020 5100
5537 5538
2917 2997
2660 2740
3193 3194
3207 3208
5605 5685
976 1056
2104 2184
2136 2216
3330 3410
2213 2214
3688 3689
5835 5836
1954 2034
5372 5452
205 285
3490 3491
4109 4189
2687 2767
177 178
6121 6122
5936 6016
66 146
3924 3925
2458 2459
5376 5377
4075 4155
4374 4454
1595 1596
3557 3558
1735 1736
6333 6334
1308 1309
5939 5940
35 115
2143 2144
1519 1599
4906 4986
5721 5722
4343 4423
5829 5830
767 847
5351 5431
1625 1705
4522 4602
1317 1397
1638 1718
4392 4472
2113 2193
5013 5093
88 89
5912 5913
2593 2594
4273 4274
2385 2386
6217 6297
2303 2304
1004 1005
878 879
3114 3115
4020 4021
3853 3933
951 952
179 180
2601 2681
1339 1340
2665 2666
5710 5790
3225 3226
910 911
1342 1422
6103 6104
5613 5693
4725 4805
3484 3564
5748 5749
5223 5303
3298 3378
3097 3098
2681 2682
388 389
1719 1720
630 710
1876 1877
79 80
3934 4014
1054 1055
2812 2813
1428 1429
3096 3097
3730 3810
5047 5127
1915 1916
4159 4160
2759 2760
4703 4704
4815 4816
1619 1620
6017 6018
1882 1962
2148 2149
5394 5395
5715 5795
3194 3195
138 218
3413 3493
1017 1018
5814 5815
2366 2367
912 992
2778 2779
1176 1177
845 846
3286 3366
354 434
371 372
2173 2174
3862 3863
2428 2429
3489 3569
464 465
2064 2065
788 868
4303 4383
506 507
5112 5192
3448 3449
1333 1334
2508 2509
5397 5477
694 695
3653 3654
5381 5382
5704 5784
3136 3216
1 2
2706 2786
3164 3165
5244 5245
3148 3149
1028 1108
2870 2950
4415 4416
3170 3171
2539 2619
6070 6071
437 517
2921 2922
4712 4792
1717 1797
3808 3809
4664 4744
2119 2199
2334 2335
1360 1440
4405 4485
4107 4187
2093 2173
415 416
3254 3255
5293 5294
54 55
1845 1925
3534 3614
5296 5297
5284 5285
1379 1380
173 174
5882 5962
518 519
573 574
3936 3937
4550 4630
2673 2674
4517 4597
5803 5804
3348 3428
5934 5935
4675 4755
1316 1396
3881 3961
2562 2642
3103 3183
3388 3389
4691 4692
4756 4836
6140 6141
4449 4529
5488 5489
5983 6063
3293 3294
1373 1374
3203 3204
1543 1544
4105 4106
541 621
1480 1560
5988 6068
3375 3455
359 439
1849 1850
1962 1963
2030 2110
4827 4828
3094 3174
6169 6249
33 34
5608 5609
5818 5819
2159 2239
3714 3715
4836 4837
3410 3490
5022 5023
1881 1882
143 223
1716 1796
3423 3503
5010 5011
5505 5506
4415 4495
6051 6131
6120 6200
2379 2380
3582 3583
5649 5650
3146 3147
4793 4794
2048 2049
1473 1553
1047 1048
2663 2743
3228 3308
3328 3408
1264 1344
5006 5086
2693 2694
2964 2965
3056 3057
5910 5990
3798 3799
1397 1398
2451 2531
1690 1691
4538 4618
1003 1083
456 536
5590 5591
4371 4451
1756 1757
3517 3597
2856 2857
2920 3000
5200 5280
3339 3419
182 262
338 339
3477 3557
3803 3804
458 459
876 956
6055 6135
1934 1935
5072 5073
2475 2476
3415 3416
5959 6039
445 446
1223 1224
5908 5988
2910 2990
365 366
3837 3838
4997 4998
1804 1805
185 186
1572 1652
5720 5721
333 413
2631 2632
3538 3618
2711 2791
479 559
4468 4469
3733 3734
4261 4262
2403 2483
5321 5322
3713 3793
6363 6364
2882 2883
1858 1938
4761 4762
3448 3528
1278 1279
375 455
220 300
106 186
4262 4342
1103 1183
1350 1430
1677 1678
3570 3650
738 818
1874 1875
4091 4171
3097 3177
5235 5236
4663 4664
2821 2822
2901 2981
3937 3938
1125 1205
1008 1088
5178 5179
5639 5640
3504 3505
3379 3380
4738 4739
496 576
2612 2692
5401 5481
1295 1296
1244 1324
6143 6223
1533 1534
5407 5408
5014 5015
1575 1576
4786 4787
743 744
6281 6361
1630 1631
291 292
4251 4252
5794 5874
2913 2914
1212 1292
332 333
1592 1593
3032 3033
3913 3914
4725 4726
385 386
3065 3145
3928 3929
661 662
1564 1565
4118 4198
4472 4473
5753 5833
5412 5492
6165 6166
2599 2600
3280 3360
1014 1015
777 778
3838 3839
3344 3345
350 351
2926 2927
3963 3964
4964 4965
4271 4272
4577 4657
765 845
2175 2255
2792 2793
1786 1787
4448 4528
2802 2882
2946 2947
178 179
3162 3242
2467 2468
3896 3976
967 1047
3249 3329
447 527
4618 4619
4124 4204
902 903
5880 5881
1444 1524
547 548
923 1003
988 989
1793 1873
4341 4421
4230 4231
1219 1299
1468 1548
1927 2007
5971 5972
4873 4953
2243 2323
3508 3588
6015 6016
5405 5485
2494 2574
3654 3734
5708 5709
1757 1758
4919 4920
2945 3025
76 156
5438 5518
1637 1638
2971 2972
4801 4802
513 593
4848 4849
3927 4007
1479 1480
5147 5227
4344 4345
4680 4681
2783 2784
4731 4732
1339 1419
2750 2830
1548 1628
5216 5217
5665 5666
2131 2211
583 663
5081 5082
264 344
2550 2630
2815 2816
4949 4950
561 562
1294 1295
2785 2865
181 261
2344 2345
4745 4746
5419 5499
1322 1402
2122 2123
6109 6110
3004 3005
2076 2077
2 82
5512 5513
419 499
703 783
3899 3979
5119 5199
1965 1966
3181 3261
592 593
4733 4734
1221 1222
1340 1420
3852 3853
2217 2297
607 608
6266 6346
1855 1856
676 677
6346 6347
2135 2215
454 455
123 203
1818 1898
5822 5902
973 1053
5414 5494
612 613
711 712
2799 2879
5864 5865
4035 4115
4886 4887
4362 4363
1521 1601
3310 3311
4369 4449
4288 4368
6123 6124
421 501
39 119
5383 5463
4461 4541
2935 2936
2760 2761
3550 3630
2883 2963
2696 2776
4814 4894
4455 4456
5569 5570
2591 2592
2840 2920
801 802
5655 5656
4842 4843
1044 1045
5600 5680
70 71
2880 2960
4259 4260
576 577
1675 1755
3910 3911
6280 6281
1699 1779
3139 3140
916 917
4114 4115
438 439
3203 3283
2793 2794
6233 6234
4218 4219
4100 4101
4423 4424
104 184
3845 3846
4307 4308
5889 5890
5814 5894
3324 3404
2364 2365
6027 6107
2857 2937
1604 1684
3466 3546
2518 2598
2864 2865
2257 2258
3006 3086
2751 2752
92 93
1861 1941
5755 5835
3892 3893
1645 1725
6045 6046
4005 4006
3535 3615
39 40
3159 3160
197 277
3598 3599
47 48
4602 4682
1151 1231
5057 5137
2526 2527
5256 5336
6237 6317
1822 1823
4194 4274
6090 6091
3639 3719
413 414
2664 2744
613 693
3997 4077
4009 4010
783 784
3260 3261
6008 6088
3336 3337
5749 5829
1118 1198
748 828
5130 5210
5952 5953
6204 6284
5526 5527
3297 3377
6091 6092
2887 2967
3075 3155
2697 2698
1133 1213
4123 4203
2763 2764
3341 3421
5475 5476
1865 1945
1373 1453
2432 2433
4516 4517
4139 4219
2368 2448
5403 5404
4541 4621
2797 2877
73 74
5106 5107
3323 3403
1672 1752
2789 2869
5357 5358
4565 4566
2703 2783
737 738
6343 6344
5970 6050
3442 3522
3129 3209
5327 5328
2801 2802
4233 4234
5628 5629
4093 4173
199 200
4049 4050
820 821
5334 5335
3547 3548
656 657
5488 5568
4429 4509
4232 4233
566 567
578 658
6224 6225
2624 2625
4534 4614
2906 2907
5594 5674
5819 5899
5163 5164
2316 2396
2854 2855
1864 1944
265 266
6236 6316
5959 5960
716 796
1232 1312
3241 3321
5730 5731
3172 3252
3265 3266
150 230
4965 4966
1232 1233
5119 5120
5901 5902
2269 2349
5968 5969
668 748
3960 3961
2648 2649
5193 5273
763 843
5686 5766
308 309
3788 3868
1364 1444
4692 4693
5775 5855
571 651
5584 5585
5908 5909
580 660
3716 3717
1941 1942
3365 3366
1688 1768
855 935
793 794
4794 4874
4568 4569
2702 2703
4646 4726
4669 4749
1537 1617
3492 3572
4688 4689
4552 4553
4350 4430
1202 1282
977 978
5582 5583
5325 5405
3742 3822
2445 2446
5196 5197
2666 2667
1417 1418
3576 3577
3397 3398
4846 4926
4728 4808
3174 3254
6062 6063
266 267
4458 4538
5618 5698
6065 6145
3045 3125
2299 2379
5481 5561
30 110
3956 4036
4132 4133
3990 4070
3843 3923
2774 2854
1740 1820
5635 5715
6224 6304
931 932
291 371
1583 1584
4036 4116
3083 3084
728 808
3506 3586
1605 1606
735 736
2061 2141
3275 3276
2391 2392
2873 2953
915 995
759 760
1463 1464
148 228
1406 1407
3709 3710
3237 3238
163 164
6373 6374
2676 2677
3235 3236
6230 6231
1042 1122
635 636
544 624
3494 3495
816 817
346 426
4876 4877
4982 5062
2070 2150
1211 1291
2041 2042
3407 3487
552 553
5717 5718
19 99
962 963
3555 3556
3298 3299
389 390
4212 4292
231 311
1868 1948
591 592
3600 3680
5286 5287
505 585
2607 2687
2067 2068
1939 1940
959 960
1533 1613
2243 2244
6203 6204
6215 6295
592 672
4438 4518
3616 3696
5101 5102
1449 1529
2520 2600
2620 2700
2700 2780
2861 2862
4923 5003
3923 4003
107 187
2321 2401
2537 2617
1488 1489
2559 2560
2866 2867
3024 3025
3352 3353
303 304
6385 6386
5421 5422
1283 1363
4319 4399
580 581
994 1074
6088 6168
4951 4952
103 104
1842 1922
3833 3834
3208 3288
2568 2569
761 762
3472 3552
1535 1536
5869 5870
3862 3942
1958 2038
1091 1171
2543 2544
1384 1464
4031 4032
2364 2444
654 655
2628 2629
1405 1406
1414 1415
3445 3525
938 1018
3404 3405
1096 1097
3142 3143
4707 4708
5006 5007
3890 3891
5516 5517
6075 6076
2245 2325
4065 4145
3638 3639
2728 2808
345 346
3127 3128
4312 4313
2847 2927
5358 5438
1579 1580
4833 4834
3168 3169
3740 3820
2536 2616
5733 5734
3847 3927
3174 3175
1769 1770
916 996
3694 3695
850 930
1344 1345
5409 5410
3135 3136
932 933
149 150
4181 4182
753 754
6313 6393
5040 5120
3236 3237
3819 3899
6012 6013
6272 6273
3658 3659
5673 5674
62 63
3992 3993
3743 3744
29 109
528 608
3869 3949
1683 1763
3353 3433
2341 2421
4818 4898
2306 2386
3983 4063
5524 5604
5751 5831
5367 5447
3218 3298
5773 5774
3604 3605
3697 3777
1252 1253
4621 4701
5305 5306
3016 3096
705 785
3989 3990
1104 1105
1033 1113
750 830
3797 3798
1555 1635
2687 2688
2510 2590
5121 5122
1737 1817
796 797
2323 2324
3259 3260
306 307
1032 1112
5526 5606
5781 5782
1631 1711
3805 3885
102 103
3292 3372
1011 1012
2367 2447
5708 5788
5229 5309
3514 3515
957 958
5201 5202
3767 3768
6037 6117
4290 4370
3175 3176
423 503
5932 5933
2079 2080
998 1078
3390 3391
2278 2279
2613 2614
488 568
1208 1209
4024 4104
348 428
401 402
1325 1405
5202 5203
1030 1110
3441 3521
4270 4271
20 21
2160 2240
4254 4334
110 111
3850 3930
2323 2403
886 887
1657 1737
3793 3794
193 273
1942 2022
6137 6217
5813 5814
1768 1769
1734 1814
2322 2402
2248 2328
2360 2361
1865 1866
803 883
4556 4636
1816 1817
2340 2420
2845 2846
4224 4225
245 325
126 127
2130 2131
2003 2083
4613 4614
2932 2933
1620 1700
2029 2109
6367 6368
1073 1153
4004 4005
5078 5158
1117 1197
4275 4276
3250 3251
946 1026
5255 5335
3426 3506
3518 3519
1102 1182
757 837
2886 2966
4361 4441
5842 5843
2545 2546
1691 1771
1518 1598
1917 1918
899 900
1348 1349
2416 2496
755 756
623 624
3154 3234
1536 1537
2094 2095
1550 1630
2056 2136
5823 5824
4402 4403
2636 2637
6243 6244
4946 5026
3223 3303
1928 2008
3218 3219
99 100
629 630
1025 1026
1353 1433
3429 3430
1549 1629
5603 5683
4708 4709
5417 5418
723 724
392 393
4425 4426
5194 5274
301 381
3618 3698
1814 1894
1763 1764
4836 4916
5646 5647
2032 2033
5705 5706
4016 4096
426 506
6 86
807 887
5848 5928
653 654
782 862
4484 4485
3620 3700
457 458
3874 3954
4713 4793
465 466
4314 4315
82 162
5361 5362
446 526
3905 3906
1588 1589
4209 4289
4332 4412
1438 1439
5379 5380
4944 5024
4629 4709
5699 5700
4444 4524
6004 6084
366 367
248 328
4325 4326
6132 6133
5489 5490
2483 2484
3751 3752
125 126
3082 3162
3953 4033
2552 2553
6157 6158
2224 2304
3227 3228
1263 1343
3593 3594
2228 2229
4633 4634
2811 2891
1918 1998
5427 5507
1482 1562
4825 4826
2876 2956
6272 6352
529 609
5413 5493
165 166
2121 2122
4936 5016
814 894
968 969
488 489
4056 4136
6359 6360
2107 2187
3087 3167
858 859
692 693
5334 5414
893 973
1892 1972
4255 4335
910 990
841 921
3143 3144
5162 5242
4796 4876
5808 5809
4452 4532
50 51
5172 5252
5651 5731
6084 6085
5038 5039
5354 5355
4086 4087
60 140
4494 4495
5050 5130
494 495
5372 5373
5947 5948
1522 1602
6151 6152
4753 4754
4062 4142
3903 3904
210 211
277 357
2157 2158
2897 2977
172 173
6103 6183
5055 5056
5547 5627
1570 1650
3549 3629
3958 4038
3976 4056
348 349
5756 5757
4871 4951
1392 1472
5893 5894
571 572
4014 4094
3393 3473
112 113
6190 6191
4789 4790
5676 5756
2600 2601
3755 3756
5082 5162
3421 3501
5100 5101
3159 3239
2659 2660
3993 3994
1095 1096
1671 1751
2151 2231
1085 1086
3374 3375
2943 2944
1213 1293
6087 6167
2596 2597
3718 3719
2268 2269
391 392
4973 4974
992 993
5554 5555
2351 2352
5298 5299
6206 6286
2215 2295
116 196
5900 5901
4413 4493
1585 1665
155 156
5878 5879
3659 3739
1682 1762
2841 2921
1991 2071
859 860
5922 6002
2179 2180
4393 4394
1592 1672
4005 4085
1789 1790
2088 2089
717 718
6300 6301
2197 2198
6169 6170
1891 1892
6007 6008
869 949
3582 3662
2318 2319
5452 5532
1418 1498
3681 3761
2922 2923
2522 2602
4210 4290
5384 5464
877 878
6219 6299
2569 2570
535 536
2344 2424
6273 6353
2984 3064
1191 1192
4852 4853
5782 5862
5071 5151
4462 4463
5046 5047
2752 2753
2969 3049
3111 3191
5166 5167
4222 4302
4374 4375
644 645
3255 3256
4165 4166
131 211
4166 4167
547 627
3785 3865
5038 5118
1382 1383
2721 2801
5897 5977
4948 4949
4385 4386
3929 4009
15 95
4773 4853
5170 5250
1884 1885
6184 6185
5985 6065
4478 4479
4399 4400
4641 4721
5498 5499
5415 5495
6008 6009
5238 5318
3986 3987
136 216
3161 3241
5687 5767
2999 3000
4445 4525
3856 3936
4228 4308
1615 1695
3723 3724
3163 3243
3213 3293
1498 1499
1087 1167
2473 2553
1300 1301
3486 3566
4872 4952
5346 5426
2446 2526
5693 5773
539 540
2908 2988
2724 2725
5873 5953
2609 2610
3357 3437
3509 3510
5573 5574
3682 3683
4264 4344
4112 4192
2685 2765
1065 1066
257 258
5805 5885
3416 3496
799 800
1823 1824
3778 3779
5122 5202
1502 1503
2886 2887
5224 5304
1164 1165
2736 2816
5060 5140
577 657
4270 4350
1000 1001
596 676
586 666
5934 6014
1321 1401
5255 5256
5668 5669
4875 4955
3482 3562
4443 4444
1616 1696
235 315
1447 1527
201 281
1821 1822
5902 5903
5354 5434
3287 3288
970 1050
3240 3320
2730 2731
3809 3810
1643 1644
4777 4857
4883 4963
2917 2918
5250 5330
1275 1355
4309 4310
4069 4149
4620 4621
481 561
100 101
1901 1902
3667 3747
4811 4812
1601 1602
3392 3472
2616 2617
929 930
3806 3807
6104 6105
6052 6132
5593 5673
2176 2177
1394 1395
5616 5617
4950 4951
3915 3995
2545 2625
2376 2377
6320 6400
5059 5060
3837 3917
585 665
531 532
1128 1129
4200 4280
1732 1733
2554 2555
2563 2564
1563 1564
2366 2446
3316 3396
5622 5702
1218 1219
5477 5557
1762 1763
2033 2113
4300 4380
4821 4822
4485 4486
4286 4366
3591 3671
1544 1624
3111 3112
3734 3814
5757 5837
2469 2470
4429 4430
365 445
6318 6319
6053 6133
4820 4821
2524 2604
5379 5459
856 857
5785 5786
158 159
5641 5642
356 436
3250 3330
6322 6323
3620 3621
6398 6399
5597 5677
5982 5983
5329 5409
4346 4347
2004 2084
2085 2165
6214 6215
6051 6052
2390 2391
1942 1943
1704 1784
154 234
3703 3783
2340 2341
4473 4474
1035 1036
5418 5498
1745 1746
2523 2603
4971 5051
5764 5765
3428 3429
5990 5991
2851 2852
5123 5124
4805 4885
5355 5356
2179 2259
682 683
2458 2538
1069 1070
4450 4451
5331 5411
3901 3902
4463 4464
2961 3041
5108 5109
3092 3172
4748 4749
4066 4067
5879 5959
422 423
3918 3919
1282 1283
5898 5899
3845 3925
3800 3801
1023 1024
3701 3781
224 304
5151 5152
6234 6235
433 513
4651 4731
4083 4084
5904 5984
5506 5507
729 809
5639 5719
5996 5997
2566 2567
1756 1836
2426 2427
5111 5112
5888 5889
1086 1166
455 456
6145 6225
5011 5091
3105 3106
4269 4349
4499 4500
2242 2243
4281 4361
999 1079
3981 4061
4439 4519
6146 6147
6179 6180
6055 6056
3403 3404
5458 5459
233 313
1925 1926
3065 3066
1115 1195
2319 2320
1252 1332
2369 2370
2829 2830
2103 2183
556 636
2862 2942
3477 3478
4554 4634
4781 4861
3033 3113
6056 6057
120 200
5941 6021
4564 4565
972 1052
3263 3264
4043 4044
1691 1692
3314 3394
6127 6128
344 345
2402 2482
3793 3873
2634 2714
3062 3142
5682 5683
5630 5710
3817 3818
1212 1213
2401 2481
1410 1490
2678 2679
400 480
5685 5765
1490 1491
1349 1429
351 352
341 421
3556 3557
3433 3513
6298 6378
1621 1701
1573 1574
1046 1126
1886 1887
2578 2579
6130 6210
4551 4552
3191 3271
1478 1558
5356 5436
398 399
3391 3471
2386 2466
1623 1624
5489 5569
84 85
3356 3357
2802 2803
5433 5434
4681 4682
4784 4864
2471 2472
5139 5140
978 979
4900 4901
3079 3080
2553 2633
4897 4898
3271 3351
6039 6119
5343 5344
5237 5317
4662 4742
1196 1197
4714 4715
745 746
5511 5591
4308 4309
2916 2917
2926 3006
3140 3220
5966 6046
2966 2967
4370 4371
3611 3612
3596 3597
696 697
2435 2515
5909 5910
3795 3796
616 617
1157 1158
313 393
3935 3936
1049 1050
2265 2266
2758 2838
6225 6305
5151 5231
1981 2061
3656 3657
6135 6215
1165 1245
5320 5321
770 771
1218 1298
1649 1729
111 112
3167 3168
3702 3703
4142 4222
6067 6068
5275 5355
4211 4291
2642 2722
3679 3759
5112 5113
3351 3431
4590 4591
1724 1804
6203 6283
1174 1254
239 240
5936 5937
721 722
2827 2828
383 463
1883 1963
3756 3836
5974 6054
374 375
1839 1919
647 727
4738 4818
4467 4547
399 400
6178 6179
4634 4714
3934 3935
688 689
3083 3163
5720 5800
686 687
4844 4924
5564 5565
1431 1432
1944 1945
4427 4507
3854 3934
1622 1702
5211 5291
26 27
3901 3981
4777 4778
565 566
2174 2254
3114 3194
3414 3494
5496 5576
526 527
2909 2910
3215 3216
216 217
5471 5472
197 198
1829 1830
249 329
1607 1687
5884 5885
1696 1776
5666 5667
5452 5453
5580 5660
330 410
5065 5066
6001 6002
3954 3955
606 607
2658 2738
5330 5331
1911 1991
653 733
2950 3030
884 964
5792 5793
4371 4372
1793 1794
4239 4240
4302 4303
3054 3134
4854 4855
3074 3075
3819 3820
1932 1933
3061 3141
1833 1834
4671 4672
5384 5385
584 664
4602 4603
5074 5154
5360 5440
4680 4760
2885 2965
6198 6199
5577 5657
1789 1869
5106 5186
4029 4109
4528 4608
51 52
882 962
5271 5351
4562 4642
5998 6078
3254 3334
3951 3952
3979 4059
2816 2896
5534 5535
3426 3427
2537 2538
5992 6072
587 667
191 271
2468 2469
5999 6079
1326 1406
2300 2380
882 883
6181 6261
352 432
2278 2358
171 172
1259 1260
4407 4487
4330 4410
2415 2416
481 482
4280 4281
3990 3991
6150 6230
3134 3214
3705 3785
1429 1509
4644 4724
3873 3953
780 781
1561 1641
4201 4202
5620 5700
6111 6191
3293 3373
6276 6356
4601 4681
5338 5339
5607 5608
830 831
2336 2416
3797 3877
3179 3259
885 886
5939 6019
4720 4800
5175 5176
2709 2710
1400 1480
5542 5543
6079 6159
1614 1694
4915 4995
2870 2871
1189 1269
3794 3874
4529 4530
2164 2244
3681 3682
2371 2451
5688 5689
1754 1755
4232 4312
3893 3894
2582 2662
2910 2911
5190 5191
3190 3191
1964 2044
2875 2955
5042 5043
1928 1929
3617 3697
1750 1830
2485 2486
1635 1636
1970 2050
286 287
2575 2576
382 462
5165 5245
285 286
2608 2609
200 280
1677 1757
5919 5920
4992 4993
4076 4156
3861 3862
5149 5229
2722 2802
1850 1930
4535 4536
2047 2127
5962 5963
2251 2252
3740 3741
5093 5173
4559 4639
10 90
2894 2974
1088 1089
4141 4142
5738 5818
3777 3778
2229 2230
1594 1595
2211 2291
3439 3440
4500 4580
2241 2321
5513 5514
631 632
668 669
1508 1588
6143 6144
1275 1276
3653 3733
4195 4196
3052 3132
1501 1502
210 290
622 702
2817 2897
3578 3658
2711 2712
5640 5641
665 745
4215 4216
1823 1903
5466 5467
2838 2839
583 584
3264 3344
548 628
2948 2949
4013 4014
4151 4152
2257 2337
543 544
3811 3891
5254 5334
4154 4234
175 255
3275 3355
146 226
4403 4483
1912 1992
142 222
2883 2884
1893 1973
1134 1135
3586 3666
2484 2485
3080 3081
5150 5151
2471 2551
4376 4456
6212 6213
3067 3068
4986 4987
6293 6373
1998 1999
6194 6274
313 314
2771 2851
254 334
3699 3700
3884 3964
1973 1974
2351 2431
30 31
1576 1656
1240 1320
1071 1072
216 296
2314 2394
6371 6372
1557 1558
4661 4741
4017 4018
3671 3751
4632 4633
5691 5692
2182 2183
4172 4173
1952 2032
4554 4555
2422 2502
6256 6257
2584 2664
3126 3127
2659 2739
1270 1271
6239 6240
3267 3268
4793 4873
3648 3649
5205 5285
618 698
3453 3454
2180 2181
174 254
347 348
56 136
5779 5859
1622 1623
4344 4424
659 739
1575 1655
4637 4717
958 1038
6036 6116
5081 5161
3118 3119
4823 4824
395 396
1141 1221
5563 5564
2330 2331
5623 5624
2071 2072
602 603
563 643
5544 5624
1265 1266
334 414
6229 6309
5087 5088
5105 5185
1082 1083
5818 5898
1650 1651
2639 2640
1673 1674
3476 3477
142 143
1882 1883
2317 2318
647 648
196 276
6040 6120
5616 5696
304 305
6053 6054
560 640
5228 5229
1307 1387
3867 3947
1101 1102
3145 3146
2143 2223
381 461
3859 3860
3925 4005
2495 2496
2146 2226
3859 3939
1955 1956
2501 2581
3224 3304
717 797
697 698
4095 4096
5035 5115
2193 2273
2970 2971
3350 3351
3972 3973
2875 2876
3629 3630
2952 3032
2702 2782
5032 5033
3495 3496
4357 4437
5415 5416
2622 2702
5173 5253
1445 1525
2907 2908
5623 5703
5556 5557
3944 4024
1552 1632
4116 4196
6133 6213
779 859
5306 5307
2152 2153
569 570
5917 5997
2310 2311
1051 1052
6321 6322
6205 6285
2713 2793
3873 3874
1711 1712
3134 3135
2274 2275
214 294
6182 6183
4305 4385
4613 4693
3450 3530
4101 4181
4466 4546
2679 2759
4351 4352
909 989
4880 4960
247 248
3664 3665
5723 5803
3978 4058
2301 2381
5499 5500
1958 1959
3739 3819
1228 1308
5217 5218
5736 5816
5890 5970
1557 1637
1331 1332
336 416
5107 5108
3748 3828
1117 1118
2712 2713
4055 4135
2033 2034
4987 5067
3060 3140
2627 2628
1979 1980
898 899
3062 3063
1924 2004
3931 3932
3472 3473
3123 3124
1454 1455
2570 2650
1875 1876
3149 3229
2498 2499
1243 1244
1153 1233
1319 1320
1809 1810
4565 4645
1154 1234
2765 2766
3548 3549
1087 1088
1810 1811
4770 4850
564 644
4624 4704
3770 3771
6207 6208
3680 3760
440 520
5532 5533
3610 3690
718 719
53 133
709 789
491 492
4865 4945
5787 5867
5439 5519
1245 1246
1459 1460
5876 5956
14 15
2359 2360
2578 2658
2556 2557
6074 6075
156 236
4178 4179
4595 4675
1324 1404
1163 1164
1386 1466
1435 1436
489 569
4847 4927
5643 5723
714 794
434 435
1118 1119
2064 2144
478 558
2985 2986
5157 5237
1627 1628
3095 3096
3032 3112
5625 5626
2667 2747
5514 5594
5595 5675
272 273
509 510
4884 4964
4743 4823
2027 2107
3038 3118
1402 1482
2429 2509
3713 3714
1156 1157
6297 6298
4414 4415
2357 2437
1391 1471
5648 5649
880 960
4649 4650
5782 5783
2234 2235
5116 5117
5605 5606
2737 2738
3970 4050
6219 6220
224 225
839 840
778 779
917 918
1817 1897
355 356
102 182
4651 4652
3913 3993
4414 4494
1854 1855
4523 4524
1548 1549
1238 1239
1512 1592
4183 4184
1222 1223
4742 4822
