2560
2004 08 19 2.499133
2004 08 20 2.697639
2004 08 23 2.724787
2004 08 24 2.611960
2004 08 25 2.640104
2004 08 26 2.687676
2004 08 27 2.643840
2004 08 30 2.540727
2004 08 31 2.549693
2004 09 01 2.496891
2004 09 02 2.528273
2004 09 03 2.490913
2004 09 07 2.530017
2004 09 08 2.547950
2004 09 09 2.548199
2004 09 10 2.623417
2004 09 13 2.677464
2004 09 14 2.776842
2004 09 15 2.789544
2004 09 16 2.838610
2004 09 17 2.926282
2004 09 20 2.972857
2004 09 21 2.934999
2004 09 22 2.948448
2004 09 23 3.009221
2004 09 24 2.984563
2004 09 27 2.945460
2004 09 28 3.159657
2004 09 29 3.264763
2004 09 30 3.227901
2004 10 01 3.302123
2004 10 04 3.363891
2004 10 05 3.446332
2004 10 06 3.414203
2004 10 07 3.458287
2004 10 08 3.430392
2004 10 11 3.368873
2004 10 12 3.422173
2004 10 13 3.509346
2004 10 14 3.536743
2004 10 15 3.589296
2004 10 18 3.715075
2004 10 19 3.684689
2004 10 20 3.499134
2004 10 21 3.720554
2004 10 22 4.294653
2004 10 25 4.667505
2004 10 26 4.528028
2004 10 27 4.631889
2004 10 28 4.814454
2004 10 29 4.748203
2004 11 01 4.882449
2004 11 02 4.853558
2004 11 03 4.773856
2004 11 04 4.600257
2004 11 05 4.217940
2004 11 08 4.297641
2004 11 09 4.201751
2004 11 10 4.180829
2004 11 11 4.558414
2004 11 12 4.533009
2004 11 15 4.604491
2004 11 16 4.297392
2004 11 17 4.296396
2004 11 18 4.172859
2004 11 19 4.219185
2004 11 22 4.112087
2004 11 23 4.172361
2004 11 24 4.352685
2004 11 26 4.468003
2004 11 29 4.509348
2004 11 30 4.532511
2004 12 01 4.482200
2004 12 02 4.468252
2004 12 03 4.493159
2004 12 06 4.390792
2004 12 07 4.269746
2004 12 08 4.233631
2004 12 09 4.319559
2004 12 10 4.275225
2004 12 13 4.245337
2004 12 14 4.450568
2004 12 15 4.477716
2004 12 16 4.395275
2004 12 17 4.485188
2004 12 20 4.608227
2004 12 21 4.576596
2004 12 22 4.640108
2004 12 23 4.679958
2004 12 27 4.779834
2004 12 28 4.801005
2004 12 29 4.804492
2004 12 30 4.921553
2004 12 31 4.801752
2005 01 03 5.048826
2005 01 04 4.844342
2005 01 05 4.819685
2005 01 06 4.696148
2005 01 07 4.828153
2005 01 10 4.858290
2005 01 11 4.820432
2005 01 12 4.866260
2005 01 13 4.865015
2005 01 14 4.980582
2005 01 18 5.078465
2005 01 19 4.914081
2005 01 20 4.829896
2005 01 21 4.689423
2005 01 24 4.501129
2005 01 25 4.411465
2005 01 26 4.713333
2005 01 27 4.684442
2005 01 28 4.740731
2005 01 31 4.872238
2005 02 01 4.779585
2005 02 02 5.129772
2005 02 03 5.251815
2005 02 04 5.089922
2005 02 07 4.882449
2005 02 08 4.947456
2005 02 09 4.771615
2005 02 10 4.681951
2005 02 11 4.667505
2005 02 14 4.806733
2005 02 15 4.862524
2005 02 16 4.941727
2005 02 17 4.929025
2005 02 18 4.930270
2005 02 22 4.766384
2005 02 23 4.830644
2005 02 24 4.704616
2005 02 25 4.629398
2005 02 28 4.682200
2005 03 01 4.634130
2005 03 02 4.612212
2005 03 03 4.657791
2005 03 04 4.630145
2005 03 07 4.702623
2005 03 08 4.612710
2005 03 09 4.516820
2005 03 10 4.482698
2005 03 11 4.428401
2005 03 14 4.358414
2005 03 15 4.448576
2005 03 16 4.373607
2005 03 17 4.465512
2005 03 18 4.484192
2005 03 21 4.505114
2005 03 22 4.448327
2005 03 23 4.457791
2005 03 24 4.464516
2005 03 28 4.518563
2005 03 29 4.472486
2005 03 30 4.494404
2005 03 31 4.495898
2005 04 01 4.484192
2005 04 04 4.614952
2005 04 05 4.696646
2005 04 06 4.712835
2005 04 07 4.825911
2005 04 08 4.783321
2005 04 11 4.812711
2005 04 12 4.830893
2005 04 13 4.805239
2005 04 14 4.768377
2005 04 15 4.607729
2005 04 18 4.656795
2005 04 19 4.767132
2005 04 20 4.934006
2005 04 21 5.086435
2005 04 22 5.375103
2005 04 25 5.567382
2005 04 26 5.448328
2005 04 27 5.473982
2005 04 28 5.465763
2005 04 29 5.479462
2005 05 02 5.536498
2005 05 03 5.633634
2005 05 04 5.691168
2005 05 05 5.653310
2005 05 06 5.679213
2005 05 09 5.629400
2005 05 10 5.673733
2005 05 11 5.760658
2005 05 12 5.696648
2005 05 13 5.709599
2005 05 16 5.754680
2005 05 17 5.806486
2005 05 18 5.956673
2005 05 19 5.957171
2005 05 20 6.017694
2005 05 23 6.362402
2005 05 24 6.376101
2005 05 25 6.495902
2005 05 26 6.455802
2005 05 27 6.625167
2005 05 31 6.905865
2005 06 01 7.173113
2005 06 02 7.170623
2005 06 03 6.980336
2005 06 06 7.246339
2005 06 07 7.300635
2005 06 08 6.962901
2005 06 09 7.131021
2005 06 10 7.036127
2005 06 13 7.042354
2005 06 14 6.932764
2005 06 15 6.844346
2005 06 16 6.910099
2005 06 17 6.981332
2005 06 20 7.140735
2005 06 21 7.169128
2005 06 22 7.205492
2005 06 23 7.215704
2005 06 24 7.403500
2005 06 27 7.574110
2005 06 28 7.521806
2005 06 29 7.290673
2005 06 30 7.326289
2005 07 01 7.254060
2005 07 05 7.365144
2005 07 06 7.260785
2005 07 07 7.360910
2005 07 08 7.378095
2005 07 11 7.306364
2005 07 12 7.267261
2005 07 13 7.443600
2005 07 14 7.494160
2005 07 15 7.501632
2005 07 18 7.460536
2005 07 19 7.718569
2005 07 20 7.770873
2005 07 21 7.819192
2005 07 22 7.531769
2005 07 25 7.368631
2005 07 26 7.374608
2005 07 27 7.395530
2005 07 28 7.310100
2005 07 29 7.167136
2005 08 01 7.263026
2005 08 02 7.451819
2005 08 03 7.404745
2005 08 04 7.415455
2005 08 05 7.281457
2005 08 08 7.254060
2005 08 09 7.262030
2005 08 10 7.115330
2005 08 11 7.074732
2005 08 12 7.215953
2005 08 15 7.073487
2005 08 16 7.114583
2005 08 17 7.100884
2005 08 18 6.973611
2005 08 19 6.973860
2005 08 22 6.824669
2005 08 23 6.963399
2005 08 24 7.037870
2005 08 25 7.038368
2005 08 26 7.063026
2005 08 29 7.184321
2005 08 30 7.154932
2005 08 31 7.123300
2005 09 01 7.129527
2005 09 02 7.184321
2005 09 06 7.150946
2005 09 07 7.344222
2005 09 08 7.357174
2005 09 09 7.449328
2005 09 12 7.714584
2005 09 13 7.762903
2005 09 14 7.546713
2005 09 15 7.537249
2005 09 16 7.476974
2005 09 19 7.566389
2005 09 20 7.669005
2005 09 21 7.768382
2005 09 22 7.755182
2005 09 23 7.854559
2005 09 26 7.827660
2005 09 27 7.819192
2005 09 28 7.621433
2005 09 29 7.711595
2005 09 30 7.881956
2005 10 03 7.937249
2005 10 04 7.745966
2005 10 05 7.738743
2005 10 06 7.789553
2005 10 07 7.795530
2005 10 10 7.737249
2005 10 11 7.623924
2005 10 12 7.496153
2005 10 13 7.408232
2005 10 14 7.375853
2005 10 17 7.596526
2005 10 18 7.553687
2005 10 19 7.688681
2005 10 20 7.551694
2005 10 21 8.465768
2005 10 24 8.683701
2005 10 25 8.640364
2005 10 26 8.852817
2005 10 27 8.793540
2005 10 28 8.920813
2005 10 31 9.268758
2005 11 01 9.449083
2005 11 02 9.456555
2005 11 03 9.612719
2005 11 04 9.724301
2005 11 07 9.838871
2005 11 08 9.711100
2005 11 09 9.443354
2005 11 10 9.740988
2005 11 11 9.723554
2005 11 14 9.887190
2005 11 15 9.783330
2005 11 16 9.916580
2005 11 17 10.048585
2005 11 18 9.967888
2005 11 21 10.195784
2005 11 22 10.372870
2005 11 23 10.532023
2005 11 25 10.675486
2005 11 28 10.547466
2005 11 29 10.050827
2005 11 30 10.084949
2005 12 01 10.313592
2005 12 02 10.403505
2005 12 05 10.108361
2005 12 06 10.075734
2005 12 07 10.067764
2005 12 08 10.227913
2005 12 09 10.191799
2005 12 12 10.276730
2005 12 13 10.398275
2005 12 14 10.434887
2005 12 15 10.524302
2005 12 16 10.713593
2005 12 19 10.575361
2005 12 20 10.703381
2005 12 21 10.618449
2005 12 22 10.760666
2005 12 23 10.733020
2005 12 27 10.576357
2005 12 28 10.627416
2005 12 29 10.464526
2005 12 30 10.332770
2006 01 03 10.840119
2006 01 04 11.089434
2006 01 05 11.238874
2006 01 06 11.598028
2006 01 09 11.628912
2006 01 10 11.700145
2006 01 11 11.746720
2006 01 12 11.547467
2006 01 13 11.612723
2006 01 17 11.634142
2006 01 18 11.081215
2006 01 19 10.870505
2006 01 20 9.949208
2006 01 23 10.647590
2006 01 24 11.034390
2006 01 25 10.784577
2006 01 26 10.816208
2006 01 27 10.796781
2006 01 30 10.630654
2006 01 31 10.776108
2006 02 01 10.006991
2006 02 02 9.864027
2006 02 03 9.503130
2006 02 06 9.591549
2006 02 07 9.163652
2006 02 08 9.192544
2006 02 09 8.935757
2006 02 10 9.031398
2006 02 13 8.610227
2006 02 14 8.550949
2006 02 15 8.527537
2006 02 16 9.127289
2006 02 17 9.184325
2006 02 21 9.130527
2006 02 22 9.103129
2006 02 23 9.416455
2006 02 24 9.399767
2006 02 27 9.723056
2006 02 28 9.031647
2006 03 01 9.085944
2006 03 02 9.376106
2006 03 03 9.419195
2006 03 06 9.168136
2006 03 07 9.077226
2006 03 08 8.813963
2006 03 09 8.542979
2006 03 10 8.405992
2006 03 13 8.395033
2006 03 14 8.746217
2006 03 15 8.580339
2006 03 16 8.437624
2006 03 17 8.463028
2006 03 20 8.672244
2006 03 21 8.466266
2006 03 22 8.473738
2006 03 23 8.515332
2006 03 24 9.110850
2006 03 27 9.207737
2006 03 28 9.394786
2006 03 29 9.837626
2006 03 30 9.674737
2006 03 31 9.713591
2006 04 03 9.706119
2006 04 04 10.070752
2006 04 05 10.161662
2006 04 06 10.241114
2006 04 07 10.116082
2006 04 10 10.370628
2006 04 11 10.203256
2006 04 12 10.185572
2006 04 13 10.016456
2006 04 17 10.132521
2006 04 18 10.068262
2006 04 19 10.224177
2006 04 20 10.336257
2006 04 21 10.886694
2006 04 24 10.971377
2006 04 25 10.639122
2006 04 26 10.609483
2006 04 27 10.461538
2006 04 28 10.409483
2006 05 01 9.935260
2006 05 02 9.833143
2006 05 03 9.817452
2006 05 04 9.831898
2006 05 05 9.820690
2006 05 08 9.832645
2006 05 09 10.181836
2006 05 10 10.036879
2006 05 11 9.638871
2006 05 12 9.318323
2006 05 15 9.369879
2006 05 16 9.247837
2006 05 17 9.327538
2006 05 18 9.240116
2006 05 19 9.215956
2006 05 22 9.239120
2006 05 23 9.354437
2006 05 24 9.495658
2006 05 25 9.538996
2006 05 26 9.498149
2006 05 30 9.263777
2006 05 31 9.260788
2006 06 01 9.529780
2006 06 02 9.450577
2006 06 05 9.326044
2006 06 06 9.713342
2006 06 07 9.626667
2006 06 08 9.795783
2006 06 09 9.628161
2006 06 12 9.502881
2006 06 13 9.626916
2006 06 14 9.573865
2006 06 15 9.738498
2006 06 16 9.731026
2006 06 19 9.667265
2006 06 20 9.643105
2006 06 21 10.015709
2006 06 22 9.961412
2006 06 23 10.083704
2006 06 26 10.067764
2006 06 27 10.020441
2006 06 28 10.114837
2006 06 29 10.406245
2006 06 30 10.444103
2006 07 03 10.540492
2006 07 05 10.497154
2006 07 06 10.540243
2006 07 07 10.471998
2006 07 10 10.415958
2006 07 11 10.574365
2006 07 12 10.392297
2006 07 13 10.182583
2006 07 14 10.049831
2006 07 17 10.159171
2006 07 18 10.038623
2006 07 19 9.937751
2006 07 20 9.641860
2006 07 21 9.716331
2006 07 24 9.736007
2006 07 25 9.697651
2006 07 26 9.601511
2006 07 27 9.524301
2006 07 28 9.666767
2006 07 31 9.628908
2006 08 01 9.352694
2006 08 02 9.146467
2006 08 03 9.349705
2006 08 04 9.311349
2006 08 07 9.413466
2006 08 08 9.489431
2006 08 09 9.388310
2006 08 10 9.320066
2006 08 11 9.178098
2006 08 14 9.201261
2006 08 15 9.488684
2006 08 16 9.656804
2006 08 17 9.608983
2006 08 18 9.548211
2006 08 21 9.397277
2006 08 22 9.421934
2006 08 23 9.300888
2006 08 24 9.308360
2006 08 25 9.296654
2006 08 28 9.488186
2006 08 29 9.438373
2006 08 30 9.483205
2006 08 31 9.427912
2006 09 01 9.429655
2006 09 05 9.573118
2006 09 06 9.468012
2006 09 07 9.426916
2006 09 08 9.410975
2006 09 11 9.566393
2006 09 12 9.760914
2006 09 13 10.126294
2006 09 14 10.061786
2006 09 15 10.208735
2006 09 18 10.328536
2006 09 19 10.057552
2006 09 20 9.887938
2006 09 21 10.133268
2006 09 22 10.056805
2006 09 25 10.061786
2006 09 26 10.133766
2006 09 27 10.035385
2006 09 28 10.051823
2006 09 29 10.009980
2006 10 02 9.998523
2006 10 03 10.063280
2006 10 04 10.353692
2006 10 05 10.256805
2006 10 06 10.473244
2006 10 09 10.684950
2006 10 10 10.626420
2006 10 11 10.622684
2006 10 12 10.646096
2006 10 13 10.642609
2006 10 16 10.504377
2006 10 17 10.476731
2006 10 18 10.443605
2006 10 19 10.611725
2006 10 20 11.448837
2006 10 23 11.974616
2006 10 24 11.788564
2006 10 25 12.119573
2006 10 26 12.082213
2006 10 27 11.835637
2006 10 30 11.869759
2006 10 31 11.865276
2006 11 01 11.643856
2006 11 02 11.703881
2006 11 03 11.750955
2006 11 06 11.879224
2006 11 07 11.770133
2006 11 08 11.830656
2006 11 09 11.771627
2006 11 10 11.794541
2006 11 13 11.980843
2006 11 14 12.186821
2006 11 15 12.252325
2006 11 16 12.351205
2006 11 17 12.423185
2006 11 20 12.330034
2006 11 21 12.693671
2006 11 22 12.652824
2006 11 24 12.577855
2006 11 27 12.073496
2006 11 28 12.191802
2006 11 29 12.071005
2006 11 30 12.074990
2006 12 01 11.975114
2006 12 04 12.075986
2006 12 05 12.129536
2006 12 06 12.172126
2006 12 07 12.020943
2006 12 08 12.057555
2006 12 11 12.053072
2006 12 12 11.999523
2006 12 13 11.930033
2006 12 14 12.007991
2006 12 15 11.962661
2006 12 18 11.526795
2006 12 19 11.672000
2006 12 20 11.529285
2006 12 21 11.362411
2006 12 22 11.346969
2006 12 26 11.395537
2006 12 27 11.657056
2006 12 28 11.520817
2006 12 29 11.469011
2007 01 03 11.646098
2007 01 04 12.036385
2007 01 05 12.134268
2007 01 08 12.044355
2007 01 09 12.092176
2007 01 10 12.190806
2007 01 11 12.446348
2007 01 12 12.577855
2007 01 16 12.559922
2007 01 17 12.385576
2007 01 18 12.150208
2007 01 19 12.198029
2007 01 22 11.976111
2007 01 23 11.931528
2007 01 24 12.430159
2007 01 25 12.156684
2007 01 26 12.349710
2007 01 29 12.265775
2007 01 30 12.311852
2007 01 31 12.490682
2007 02 01 11.998776
2007 02 02 11.992549
2007 02 05 11.635388
2007 02 06 11.742984
2007 02 07 11.706372
2007 02 08 11.731776
2007 02 09 11.504130
2007 02 12 11.414466
2007 02 13 11.434640
2007 02 14 11.604753
2007 02 15 11.493669
2007 02 16 11.704628
2007 02 20 11.758427
2007 02 21 11.852076
2007 02 22 11.851826
2007 02 23 11.721565
2007 02 26 11.579846
2007 02 27 11.177355
2007 02 28 11.194291
2007 03 01 11.163905
2007 03 02 10.926046
2007 03 05 10.982585
2007 03 06 11.396035
2007 03 07 11.348463
2007 03 08 11.325549
2007 03 09 11.281713
2007 03 12 11.326296
2007 03 13 11.034390
2007 03 14 11.158176
2007 03 15 11.113095
2007 03 16 10.980094
2007 03 19 11.138998
2007 03 20 11.090430
2007 03 21 11.371128
2007 03 22 11.507866
2007 03 23 11.502635
2007 03 26 11.581589
2007 03 27 11.547218
2007 03 28 11.503881
2007 03 29 11.479970
2007 03 30 11.411228
2007 04 02 11.420443
2007 04 03 11.770880
2007 04 04 11.731527
2007 04 05 11.743732
2007 04 09 11.661540
2007 04 10 11.618949
2007 04 11 11.569883
2007 04 12 11.641116
2007 04 13 11.613719
2007 04 16 11.812474
2007 04 17 11.775861
2007 04 18 11.855812
2007 04 19 11.747219
2007 04 20 12.016957
2007 04 23 11.932275
2007 04 24 11.893670
2007 04 25 11.905127
2007 04 26 11.984579
2007 04 27 11.930531
2007 04 30 11.740494
2007 05 01 11.681216
2007 05 02 11.601017
2007 05 03 11.786571
2007 05 04 11.734018
2007 05 07 11.638127
2007 05 08 11.626670
2007 05 09 11.687443
2007 05 10 11.493669
2007 05 11 11.624927
2007 05 14 11.501390
2007 05 15 11.407243
2007 05 16 11.771129
2007 05 17 11.730033
2007 05 18 11.714093
2007 05 21 11.721067
2007 05 22 11.852076
2007 05 23 11.805002
2007 05 24 11.813968
2007 05 25 12.042860
2007 05 29 12.132275
2007 05 30 12.418453
2007 05 31 12.401267
2007 06 01 12.463285
2007 06 04 12.629412
2007 06 05 12.922563
2007 06 06 12.907868
2007 06 07 12.828416
2007 06 08 12.839126
2007 06 11 12.735763
2007 06 12 12.572127
2007 06 13 12.583833
2007 06 14 12.524057
2007 06 15 12.600022
2007 06 18 12.831903
2007 06 19 12.809736
2007 06 20 12.701641
2007 06 21 12.804755
2007 06 22 13.075490
2007 06 25 13.136262
2007 06 26 13.206997
2007 06 27 13.108118
2007 06 28 13.076237
2007 06 29 13.018703
2007 07 02 13.209986
2007 07 03 13.308616
2007 07 05 13.490185
2007 07 06 13.434644
2007 07 09 13.513349
2007 07 10 13.532776
2007 07 11 13.560920
2007 07 12 13.582340
2007 07 13 13.752452
2007 07 16 13.773125
2007 07 17 13.823187
2007 07 18 13.686201
2007 07 19 13.663536
2007 07 20 12.954444
2007 07 23 12.764904
2007 07 24 12.802015
2007 07 25 12.696411
2007 07 26 12.652575
2007 07 27 12.749462
2007 07 30 12.854568
2007 07 31 12.702388
2007 08 01 12.775614
2007 08 02 12.727544
2007 08 03 12.528042
2007 08 06 12.702388
2007 08 07 12.852326
2007 08 08 13.095415
2007 08 09 12.820197
2007 08 10 12.845602
2007 08 13 12.839375
2007 08 14 12.667519
2007 08 15 12.392301
2007 08 16 12.242114
2007 08 17 12.454318
2007 08 20 12.401516
2007 08 21 12.617955
2007 08 22 12.770882
2007 08 23 12.756934
2007 08 24 12.826922
2007 08 27 12.783584
2007 08 28 12.612724
2007 08 29 12.774119
2007 08 30 12.737258
2007 08 31 12.833148
2007 09 04 13.079724
2007 09 05 13.145727
2007 09 06 13.039126
2007 09 07 12.935265
2007 09 10 12.813970
2007 09 11 12.984581
2007 09 12 13.017457
2007 09 13 13.070509
2007 09 14 13.169388
2007 09 17 13.083460
2007 09 18 13.331779
2007 09 19 13.620198
2007 09 20 13.769140
2007 09 21 13.950211
2007 09 24 14.147472
2007 09 25 14.171880
2007 09 26 14.150959
2007 09 27 14.134520
2007 09 28 14.128792
2007 10 01 14.509365
2007 10 02 14.555194
2007 10 03 14.545978
2007 10 04 14.421694
2007 10 05 14.795792
2007 10 08 15.183588
2007 10 09 15.322069
2007 10 10 15.576366
2007 10 11 15.491932
2007 10 12 15.875246
2007 10 15 15.444859
2007 10 16 15.342493
2007 10 17 15.777861
2007 10 18 15.930787
2007 10 19 16.057562
2007 10 22 16.207998
2007 10 23 16.831163
2007 10 24 16.832409
2007 10 25 16.650339
2007 10 26 16.802023
2007 10 29 16.917339
2007 10 30 17.304390
2007 10 31 17.608997
2007 11 01 17.514601
2007 11 02 17.714849
2007 11 05 18.073505
2007 11 06 18.475498
2007 11 07 18.255075
2007 11 08 17.281225
2007 11 09 16.537264
2007 11 12 15.742742
2007 11 13 16.452084
2007 11 14 15.982095
2007 11 15 15.682468
2007 11 16 15.781597
2007 11 19 15.587823
2007 11 20 16.152954
2007 11 21 16.451336
2007 11 23 16.854326
2007 11 26 16.587826
2007 11 27 16.776367
2007 11 28 17.241873
2007 11 29 17.359932
2007 11 30 17.260303
2007 12 03 16.974625
2007 12 04 17.040129
2007 12 05 17.397539
2007 12 06 17.814726
2007 12 07 17.805012
2007 12 10 17.893431
2007 12 11 17.414724
2007 12 12 17.418461
2007 12 13 17.286455
2007 12 14 17.184587
2007 12 17 16.668274
2007 12 18 16.770889
2007 12 19 16.871014
2007 12 20 17.177862
2007 12 21 17.352209
2007 12 24 17.452831
2007 12 26 17.704639
2007 12 27 17.453081
2007 12 28 17.497663
2007 12 31 17.222446
2008 01 02 17.065783
2008 01 03 17.069269
2008 01 04 16.363665
2008 01 07 16.170637
2008 01 08 15.733029
2008 01 09 16.269020
2008 01 10 16.107874
2008 01 11 15.896665
2008 01 14 16.284462
2008 01 15 15.881721
2008 01 16 15.341247
2008 01 17 14.963663
2008 01 18 14.950213
2008 01 22 14.554197
2008 01 23 13.664283
2008 01 24 14.308618
2008 01 25 14.107123
2008 01 28 13.847596
2008 01 29 13.711606
2008 01 30 13.655566
2008 01 31 14.054819
2008 02 01 12.849338
2008 02 04 12.339499
2008 02 05 12.622687
2008 02 06 12.495912
2008 02 07 12.576610
2008 02 08 12.869014
2008 02 11 12.980346
2008 02 12 12.903883
2008 02 13 13.315590
2008 02 14 13.256561
2008 02 15 13.191555
2008 02 19 12.676236
2008 02 20 12.677482
2008 02 21 12.524555
2008 02 22 12.647594
2008 02 25 12.115588
2008 02 26 11.561415
2008 02 27 11.777356
2008 02 28 11.840369
2008 02 29 11.735512
2008 03 03 11.382834
2008 03 04 11.073494
2008 03 05 11.150704
2008 03 06 10.777105
2008 03 07 10.793294
2008 03 10 10.301886
2008 03 11 10.954938
2008 03 12 10.963406
2008 03 13 11.033892
2008 03 14 10.907117
2008 03 17 10.457553
2008 03 18 10.938002
2008 03 19 10.759670
2008 03 20 10.798275
2008 03 24 11.471004
2008 03 25 11.227417
2008 03 26 11.411975
2008 03 27 11.060542
2008 03 28 10.911103
2008 03 31 10.970629
2008 04 01 11.599273
2008 04 02 11.599024
2008 04 03 11.335512
2008 04 04 11.733271
2008 04 07 11.875986
2008 04 08 11.651577
2008 04 09 11.561415
2008 04 10 11.683208
2008 04 11 11.393544
2008 04 14 11.249335
2008 04 15 11.129285
2008 04 16 11.333270
2008 04 17 11.196533
2008 04 18 13.434893
2008 04 21 13.394544
2008 04 22 13.823187
2008 04 23 13.611232
2008 04 24 13.525304
2008 04 25 13.550709
2008 04 28 13.751456
2008 04 29 13.909613
2008 04 30 14.303636
2008 05 01 14.771632
2008 05 02 14.477983
2008 05 05 14.816962
2008 05 06 14.604260
2008 05 07 14.420947
2008 05 08 14.520822
2008 05 09 14.276488
2008 05 12 14.568892
2008 05 13 14.520573
2008 05 14 14.353699
2008 05 15 14.470760
2008 05 16 14.447597
2008 05 19 14.384085
2008 05 20 14.410984
2008 05 21 13.698405
2008 05 22 13.685204
2008 05 23 13.564656
2008 05 27 13.970136
2008 05 28 14.152951
2008 05 29 14.520573
2008 05 30 14.590312
2008 06 02 14.321320
2008 06 03 14.129539
2008 06 04 14.252080
2008 06 05 14.602765
2008 06 06 14.122067
2008 06 09 13.894669
2008 06 10 13.802515
2008 06 11 13.579102
2008 06 12 13.772129
2008 06 13 14.234396
2008 06 16 14.266775
2008 06 17 14.183337
2008 06 18 14.006998
2008 06 19 13.952702
2008 06 20 13.609737
2008 06 23 13.579351
2008 06 24 13.506873
2008 06 25 13.723561
2008 06 26 13.171131
2008 06 27 13.152451
2008 06 30 13.111355
2008 07 01 13.318330
2008 07 02 13.126798
2008 07 03 13.374868
2008 07 07 13.546973
2008 07 08 13.811481
2008 07 09 13.488193
2008 07 10 13.463784
2008 07 11 13.295166
2008 07 14 12.991804
2008 07 15 12.854070
2008 07 16 13.339998
2008 07 17 13.286200
2008 07 18 11.988066
2008 07 21 11.676235
2008 07 22 11.883209
2008 07 23 12.184828
2008 07 24 11.846098
2008 07 25 12.253571
2008 07 28 11.883458
2008 07 29 12.032649
2008 07 30 12.022437
2008 07 31 11.799522
2008 08 01 11.652822
2008 08 04 11.531776
2008 08 05 11.951453
2008 08 06 12.113097
2008 08 07 11.933271
2008 08 08 12.329038
2008 08 11 12.474243
2008 08 12 12.518328
2008 08 13 12.454069
2008 08 14 12.590059
2008 08 15 12.706124
2008 08 18 12.410981
2008 08 19 12.216709
2008 08 20 12.079722
2008 08 21 12.117829
2008 08 22 12.218950
2008 08 25 12.030158
2008 08 26 11.809734
2008 08 27 11.670755
2008 08 28 11.800270
2008 08 29 11.538999
2008 09 02 11.587816
2008 09 03 11.566894
2008 09 04 11.214465
2008 09 05 11.064777
2008 09 08 10.459545
2008 09 09 10.427415
2008 09 10 10.315336
2008 09 11 10.803257
2008 09 12 10.900642
2008 09 15 10.805996
2008 09 16 11.031900
2008 09 17 10.323555
2008 09 18 10.936009
2008 09 19 11.186819
2008 09 22 10.713344
2008 09 23 10.691675
2008 09 24 10.837130
2008 09 25 10.948961
2008 09 26 10.735760
2008 09 29 9.489431
2008 09 30 9.975609
2008 10 01 10.254563
2008 10 02 9.725795
2008 10 03 9.636630
2008 10 06 9.245595
2008 10 07 8.617948
2008 10 08 8.421185
2008 10 09 8.193788
2008 10 10 8.269006
2008 10 13 9.489929
2008 10 14 9.033889
2008 10 15 8.447586
2008 10 16 8.792543
2008 10 17 9.278721
2008 10 20 9.447588
2008 10 21 9.034885
2008 10 22 8.858546
2008 10 23 8.775109
2008 10 24 8.450575
2008 10 27 8.206490
2008 10 28 9.184325
2008 10 29 8.916578
2008 10 30 8.958671
2008 10 31 8.950452
2008 11 03 8.629903
2008 11 04 9.139244
2008 11 05 8.524050
2008 11 06 8.249579
2008 11 07 8.247586
2008 11 10 7.939740
2008 11 11 7.757423
2008 11 12 7.247833
2008 11 13 7.772865
2008 11 14 7.721558
2008 11 17 7.474982
2008 11 18 7.407734
2008 11 19 6.978343
2008 11 20 6.464768
2008 11 21 6.536251
2008 11 24 6.411966
2008 11 25 7.024919
2008 11 26 7.274982
2008 11 28 7.296650
2008 12 01 6.624918
2008 12 02 6.852067
2008 12 03 6.959663
2008 12 04 6.832889
2008 12 05 7.073238
2008 12 08 7.524546
2008 12 09 7.620686
2008 12 10 7.691670
2008 12 11 7.477473
2008 12 12 7.864522
2008 12 15 7.737747
2008 12 16 8.101633
2008 12 17 7.851570
2008 12 18 7.728033
2008 12 19 7.725294
2008 12 22 7.400013
2008 12 23 7.422678
2008 12 24 7.545468
2008 12 26 7.480960
2008 12 29 7.407734
2008 12 30 7.549453
2008 12 31 7.662529
2009 01 02 8.003003
2009 01 05 8.170624
2009 01 06 8.320313
2009 01 07 8.020188
2009 01 08 8.099391
2009 01 09 7.847336
2009 01 12 7.788058
2009 01 13 7.828656
2009 01 14 7.496153
2009 01 15 7.446837
2009 01 16 7.463774
2009 01 20 7.042354
2009 01 21 7.548706
2009 01 22 7.633886
2009 01 23 8.087187
2009 01 26 8.066515
2009 01 27 8.256054
2009 01 28 8.684199
2009 01 29 8.550949
2009 01 30 8.431646
2009 02 02 8.482456
2009 02 03 8.479467
2009 02 04 8.542979
2009 02 05 8.809978
2009 02 06 9.247339
2009 02 09 9.433889
2009 02 10 8.929281
2009 02 11 8.917575
2009 02 12 9.042357
2009 02 13 8.908608
2009 02 17 8.534511
2009 02 18 8.794785
2009 02 19 8.534012
2009 02 20 8.628907
2009 02 23 8.220687
2009 02 24 8.604000
2009 02 25 8.509106
2009 02 26 8.398022
2009 02 27 8.418197
2009 03 02 8.148458
2009 03 03 8.106614
2009 03 04 7.943227
2009 03 05 7.612467
2009 03 06 7.685443
2009 03 09 7.245094
2009 03 10 7.675480
2009 03 11 7.918071
2009 03 12 8.058046
2009 03 13 8.080213
2009 03 16 7.962405
2009 03 17 8.352194
2009 03 18 8.296403
2009 03 19 8.217698
2009 03 20 8.223178
2009 03 23 8.682456
2009 03 24 8.646840
2009 03 25 8.569629
2009 03 26 8.799268
2009 03 27 8.660040
2009 03 30 8.535258
2009 03 31 8.669006
2009 04 01 8.819193
2009 04 02 9.028658
2009 04 03 9.209979
2009 04 06 9.171623
2009 04 07 8.932768
2009 04 08 9.016205
2009 04 09 9.277725
2009 04 13 9.417451
2009 04 14 9.188310
2009 04 15 9.452071
2009 04 16 9.682209
2009 04 17 9.769382
2009 04 20 9.447090
2009 04 21 9.501137
2009 04 22 9.560664
2009 04 23 9.581337
2009 04 24 9.700889
2009 04 27 9.612719
2009 04 28 9.556928
2009 04 29 9.750204
2009 04 30 9.862284
2009 05 01 9.805497
2009 05 04 10.011973
2009 05 05 10.037128
2009 05 06 10.049084
2009 05 07 9.878224
2009 05 08 10.145223
2009 05 11 10.161413
2009 05 12 9.938000
2009 05 13 9.702134
2009 05 14 9.651324
2009 05 15 9.713591
2009 05 18 9.883953
2009 05 19 9.934762
2009 05 20 9.892421
2009 05 21 9.875484
2009 05 22 9.800764
2009 05 26 10.071250
2009 05 27 10.101138
2009 05 28 10.221687
2009 05 29 10.391799
2009 06 01 10.624178
2009 06 02 10.670006
2009 06 03 10.750953
2009 06 04 10.965897
2009 06 05 11.066520
2009 06 08 10.928288
2009 06 09 10.849832
2009 06 10 10.774614
2009 06 11 10.684950
2009 06 12 10.581339
2009 06 15 10.380342
2009 06 16 10.361164
2009 06 17 10.340242
2009 06 18 10.312845
2009 06 19 10.463032
2009 06 22 10.145721
2009 06 23 10.104127
2009 06 24 10.194040
2009 06 25 10.355435
2009 06 26 10.593294
2009 06 29 10.563904
2009 06 30 10.500392
2009 07 01 10.435635
2009 07 02 10.174115
2009 07 06 10.202010
2009 07 07 9.878722
2009 07 08 10.024675
2009 07 09 10.221438
2009 07 10 10.321313
2009 07 13 10.567889
2009 07 14 10.577603
2009 07 15 10.913344
2009 07 16 11.023681
2009 07 17 10.716083
2009 07 20 10.714091
2009 07 21 10.657553
2009 07 22 10.652322
2009 07 23 10.892672
2009 07 24 11.126296
2009 07 27 11.078475
2009 07 28 10.955187
2009 07 29 10.865274
2009 07 30 11.099397
2009 07 31 11.034889
2009 08 03 11.263033
2009 08 04 11.300891
2009 08 05 11.236383
2009 08 06 11.216956
2009 08 07 11.384827
2009 08 10 11.372623
2009 08 11 11.306122
2009 08 12 11.421689
2009 08 13 11.513843
2009 08 14 11.457056
2009 08 17 11.080717
2009 08 18 11.090430
2009 08 19 11.057803
2009 08 20 11.467268
2009 08 21 11.587567
2009 08 24 11.674491
2009 08 25 11.740245
2009 08 26 11.656309
2009 08 27 11.607990
2009 08 28 11.575363
2009 08 31 11.498650
2009 09 01 11.351452
2009 09 02 11.282959
2009 09 03 11.395288
2009 09 04 11.489435
2009 09 08 11.422685
2009 09 09 11.555936
2009 09 10 11.729535
2009 09 11 11.759423
2009 09 14 11.833645
2009 09 15 11.893919
2009 09 16 12.161665
2009 09 17 12.247095
2009 09 18 12.240619
2009 09 21 12.378602
2009 09 22 12.429910
2009 09 23 12.414966
2009 09 24 12.372873
2009 09 25 12.266024
2009 09 28 12.416709
2009 09 29 12.416709
2009 09 30 12.349959
2009 10 01 12.134517
2009 10 02 12.069261
2009 10 05 12.167394
2009 10 06 12.421940
2009 10 07 12.890184
2009 10 08 12.806498
2009 10 09 12.858055
2009 10 12 13.052078
2009 10 13 13.103634
2009 10 14 13.333025
2009 10 15 13.198280
2009 10 16 13.694918
2009 10 19 13.750709
2009 10 20 13.741494
2009 10 21 13.726051
2009 10 22 13.800522
2009 10 23 13.790560
2009 10 26 13.803511
2009 10 27 13.656064
2009 10 28 13.457060
2009 10 29 13.724806
2009 10 30 13.352950
2009 11 02 13.299899
2009 11 03 13.382091
2009 11 04 13.457807
2009 11 05 13.665030
2009 11 06 13.726051
2009 11 09 14.010236
2009 11 10 14.116089
2009 11 11 14.210735
2009 11 12 14.143238
2009 11 13 14.247846
2009 11 16 14.353201
2009 11 17 14.383338
2009 11 18 14.362416
2009 11 19 14.271258
2009 11 20 14.195791
2009 11 23 14.504384
2009 11 24 14.522815
2009 11 25 14.588818
2009 11 27 14.439876
2009 11 30 14.520573
2009 12 01 14.691682
2009 12 02 14.632902
2009 12 03 14.588818
2009 12 04 14.570636
2009 12 07 14.601520
2009 12 08 14.621445
2009 12 09 14.670511
2009 12 10 14.732280
2009 12 11 14.707622
2009 12 14 14.837635
2009 12 15 14.773127
2009 12 16 14.888195
2009 12 17 14.793052
2009 12 18 14.854820
2009 12 21 14.911110
2009 12 22 14.971882
2009 12 23 15.234896
2009 12 24 15.404261
2009 12 28 15.513601
2009 12 29 15.427175
2009 12 30 15.510114
2009 12 31 15.441621
2010 01 04 15.610239
2010 01 05 15.541497
2010 01 06 15.149715
2010 01 07 14.797037
2010 01 08 14.994298
2010 01 11 14.971633
2010 01 12 14.706875
2010 01 13 14.622441
2010 01 14 14.691184
2010 01 15 14.445853
2010 01 19 14.635642
2010 01 20 14.456065
2010 01 21 14.520075
2010 01 22 13.698903
2010 01 25 13.449588
2010 01 26 13.509862
2010 01 27 13.501892
2010 01 28 13.307371
2010 01 29 13.199027
2010 02 01 13.275739
2010 02 02 13.228417
2010 02 03 13.470011
2010 02 04 13.120322
2010 02 05 13.232651
2010 02 08 13.286947
2010 02 09 13.360920
2010 02 10 13.311356
2010 02 11 13.359924
2010 02 12 13.278230
2010 02 16 13.481966
2010 02 17 13.405005
2010 02 18 13.529787
2010 02 19 13.468517
2010 02 22 13.519326
2010 02 23 13.326798
2010 02 24 13.237134
2010 02 25 13.111604
2010 02 26 13.120820
2010 03 01 13.267520
2010 03 02 13.475989
2010 03 03 13.582091
2010 03 04 13.812976
2010 03 05 14.052577
2010 03 08 14.009489
2010 03 09 13.952453
2010 03 10 14.357435
2010 03 11 14.474247
2010 03 12 14.434396
2010 03 15 14.026924
2010 03 16 14.077235
2010 03 17 14.086201
2010 03 18 14.107123
2010 03 19 13.947721
2010 03 22 13.885454
2010 03 23 13.673747
2010 03 24 13.881220
2010 03 25 14.019452
2010 03 26 14.014719
2010 03 29 14.008742
2010 03 30 14.114844
2010 03 31 14.125056
2010 04 01 14.166899
2010 04 05 14.221943
2010 04 06 14.152453
2010 04 07 14.035890
2010 04 08 14.134271
2010 04 09 14.102640
2010 04 12 14.264782
2010 04 13 14.614471
2010 04 14 14.670013
2010 04 15 14.826925
2010 04 16 13.702390
2010 04 19 13.701145
2010 04 20 13.824184
2010 04 21 13.805753
2010 04 22 13.625429
2010 04 23 13.573872
2010 04 26 13.241368
2010 04 27 13.177109
2010 04 28 13.180347
2010 04 29 13.250334
2010 04 30 13.093423
2010 05 03 13.215465
2010 05 04 12.611977
2010 05 05 12.696411
2010 05 06 12.420196
2010 05 07 12.282462
2010 05 10 12.992551
2010 05 11 12.678727
2010 05 12 12.587569
2010 05 13 12.724306
2010 05 14 12.640869
2010 05 17 12.651828
2010 05 18 12.412724
2010 05 19 12.314592
2010 05 20 11.830905
2010 05 21 11.757181
2010 05 24 11.884454
2010 05 25 11.882213
2010 05 26 11.842362
2010 05 27 12.215713
2010 05 28 12.095413
2010 06 01 12.014218
2010 06 02 12.288191
2010 06 03 12.592799
2010 06 04 12.421441
2010 06 07 12.092674
2010 06 08 12.074243
2010 06 09 11.806247
2010 06 10 12.129785
2010 06 11 12.166895
2010 06 14 12.034641
2010 06 15 12.403260
2010 06 16 12.484953
2010 06 17 12.455314
2010 06 18 12.454069
2010 06 21 12.168390
2010 06 22 12.110856
2010 06 23 12.006248
2010 06 24 11.833146
2010 06 25 11.772872
2010 06 28 11.757928
2010 06 29 11.314092
2010 06 30 11.082211
2010 07 01 10.946221
2010 07 02 10.872995
2010 07 06 10.861040
2010 07 07 11.212971
2010 07 08 11.371377
2010 07 09 11.643607
2010 07 12 11.851328
2010 07 13 12.184330
2010 07 14 12.237630
2010 07 15 12.304380
2010 07 16 11.447343
2010 07 19 11.610979
2010 07 20 11.994791
2010 07 21 11.892922
2010 07 22 12.074990
2010 07 23 12.205750
2010 07 26 12.178602
2010 07 27 12.269760
2010 07 28 12.063533
2010 07 29 12.079473
2010 07 30 12.075986
2010 08 02 12.214467
2010 08 03 12.200021
2010 08 04 12.610732
2010 08 05 12.655066
2010 08 06 12.458801
2010 08 09 12.586572
2010 08 10 12.545726
2010 08 11 12.247593
2010 08 12 12.254318
2010 08 13 12.113346
2010 08 16 12.094417
2010 08 17 12.217207
2010 08 18 12.008738
2010 08 19 11.655562
2010 08 20 11.507368
2010 08 23 11.558426
2010 08 24 11.242610
2010 08 25 11.323058
2010 08 26 11.232398
2010 08 27 11.427915
2010 08 30 11.274989
2010 08 31 11.208488
2010 09 01 11.465275
2010 09 02 11.536259
2010 09 03 11.713595
2010 09 07 11.566645
2010 09 08 11.720568
2010 09 09 11.860046
2010 09 10 11.859049
2010 09 13 12.011727
2010 09 14 11.965899
2010 09 15 11.971129
2010 09 16 11.981590
2010 09 17 12.207991
2010 09 20 12.659549
2010 09 21 12.788565
2010 09 22 12.851828
2010 09 23 12.789063
2010 09 24 13.133024
2010 09 27 13.210733
2010 09 28 13.130035
2010 09 29 13.142987
2010 09 30 13.095664
2010 10 01 13.091430
2010 10 04 13.009985
2010 10 05 13.405503
2010 10 06 13.308865
2010 10 07 13.200770
2010 10 08 13.358678
2010 10 11 13.420696
2010 10 12 13.484208
2010 10 13 13.531780
2010 10 14 13.472751
2010 10 15 14.980101
2010 10 18 15.385083
2010 10 19 15.139005
2010 10 20 15.142741
2010 10 21 15.242617
2010 10 22 15.256067
2010 10 25 15.354946
2010 10 26 15.407250
2010 10 27 15.354199
2010 10 28 15.406752
2010 10 29 15.285207
2010 11 01 15.317586
2010 11 02 15.332530
2010 11 03 15.446602
2010 11 04 15.548471
2010 11 05 15.568645
2010 11 08 15.610737
2010 11 09 15.562169
2010 11 10 15.513850
2010 11 11 15.372131
2010 11 12 15.025929
2010 11 15 14.831159
2010 11 16 14.538506
2010 11 17 14.534272
2010 11 18 14.858307
2010 11 19 14.715592
2010 11 22 14.725306
2010 11 23 14.520822
2010 11 24 14.818706
2010 11 26 14.694920
2010 11 29 14.498406
2010 11 30 13.840871
2010 12 01 14.056064
2010 12 02 14.242117
2010 12 03 14.271507
2010 12 06 14.405006
2010 12 07 14.623687
2010 12 08 14.708369
2010 12 09 14.732280
2010 12 10 14.749964
2010 12 13 14.809989
2010 12 14 14.817211
2010 12 15 14.702392
2010 12 16 14.737510
2010 12 17 14.714845
2010 12 20 14.820947
2010 12 21 15.020450
2010 12 22 15.080724
2010 12 23 15.049341
2010 12 27 15.003264
2010 12 28 14.917087
2010 12 29 14.968893
2010 12 30 14.915593
2010 12 31 14.793799
2011 01 03 15.052330
2011 01 04 14.996788
2011 01 05 15.169890
2011 01 06 15.280226
2011 01 07 15.353451
2011 01 10 15.297910
2011 01 11 15.342742
2011 01 12 15.364161
2011 01 13 15.359678
2011 01 14 15.546229
2011 01 18 15.931037
2011 01 19 15.734772
2011 01 20 15.610737
2011 01 21 15.238632
2011 01 24 15.219952
2011 01 25 15.439878
2011 01 26 15.354946
2011 01 27 15.362169
2011 01 28 14.968644
2011 01 31 14.952953
2011 02 01 15.218956
2011 02 02 15.242866
2011 02 03 15.196789
2011 02 04 15.217461
2011 02 07 15.299902
2011 02 08 15.401770
2011 02 09 15.354946
2011 02 10 15.353451
2011 02 11 15.554199
2011 02 14 15.645108
2011 02 15 15.545482
2011 02 16 15.547225
2011 02 17 15.573128
2011 02 18 15.693178
2011 02 22 15.198283
2011 02 23 15.225929
2011 02 24 15.163663
2011 02 25 15.194049
2011 02 28 15.277735
2011 03 01 14.962915
2011 03 02 14.963663
2011 03 03 15.182094
2011 03 04 14.959428
2011 03 07 14.736265
2011 03 08 14.752454
2011 03 09 14.739005
2011 03 10 14.453325
2011 03 11 14.363911
2011 03 14 14.196538
2011 03 15 14.185828
2011 03 16 13.875491
2011 03 17 13.981594
2011 03 18 13.974122
2011 03 21 14.358680
2011 03 22 14.379104
2011 03 23 14.499652
2011 03 24 14.617460
2011 03 25 14.439378
2011 03 28 14.330287
2011 03 29 14.488942
2011 03 30 14.491682
2011 03 31 14.614222
2011 04 01 14.739752
2011 04 04 14.637136
2011 04 05 14.174122
2011 04 06 14.300897
2011 04 07 14.445853
2011 04 08 14.400025
2011 04 11 14.380349
2011 04 12 14.211980
2011 04 13 14.353201
2011 04 14 14.408742
2011 04 15 13.217956
2011 04 18 13.121816
2011 04 19 12.989562
2011 04 20 13.094170
2011 04 21 13.078479
2011 04 25 13.077233
2011 04 26 13.270758
2011 04 27 13.393797
2011 04 28 13.399027
2011 04 29 13.551705
2011 05 02 13.413722
2011 05 03 13.297408
2011 05 04 13.344731
2011 05 05 13.306873
2011 05 06 13.332526
2011 05 09 13.391804
2011 05 10 13.515839
2011 05 11 13.336262
2011 05 12 13.326300
2011 05 13 13.189313
2011 05 16 12.912102
2011 05 17 13.211978
2011 05 18 13.195789
2011 05 19 13.231655
2011 05 20 13.051829
2011 05 23 12.911355
2011 05 24 12.908117
2011 05 25 12.943236
2011 05 26 12.904879
2011 05 27 12.973871
2011 05 31 13.176113
2011 06 01 13.090932
2011 06 02 13.152202
2011 06 03 13.028167
2011 06 06 12.977856
2011 06 07 12.927295
2011 06 08 12.930782
2011 06 09 12.870010
2011 06 10 12.690184
2011 06 13 12.571130
2011 06 14 12.661791
2011 06 15 12.526796
2011 06 16 12.462537
2011 06 17 12.080220
2011 06 20 12.069261
2011 06 21 12.278975
2011 06 22 12.129785
2011 06 23 11.960668
2011 06 24 11.827667
2011 06 27 12.024928
2011 06 28 12.295165
2011 06 29 12.392799
2011 06 30 12.612226
2011 07 01 12.977109
2011 07 05 13.261293
2011 07 06 13.334021
2011 07 07 13.613971
2011 07 08 13.250085
2011 07 11 13.132775
2011 07 12 13.300397
2011 07 13 13.406250
2011 07 14 13.174120
2011 07 15 14.884708
2011 07 18 14.817959
2011 07 19 15.007498
2011 07 20 14.828170
2011 07 21 15.118084
2011 07 22 15.398034
2011 07 25 15.416714
2011 07 26 15.504884
2011 07 27 15.123812
2011 07 28 15.216465
2011 07 29 15.035892
2011 08 01 15.112604
2011 08 02 14.754696
2011 08 03 14.973127
2011 08 04 14.384085
2011 08 05 14.421943
2011 08 08 13.599526
2011 08 09 14.281719
2011 08 10 13.673997
2011 08 11 14.000772
2011 08 12 14.041619
2011 08 15 13.878729
2011 08 16 13.424681
2011 08 17 13.278977
2011 08 18 12.574866
2011 08 19 12.227170
2011 08 22 12.407743
2011 08 23 12.922065
2011 08 24 13.033398
2011 08 25 12.952451
2011 08 26 13.122314
2011 08 29 13.426674
2011 08 30 13.467022
2011 08 31 13.473498
2011 09 01 13.262788
2011 09 02 13.072003
2011 09 06 13.005751
2011 09 07 13.300895
2011 09 08 13.324058
2011 09 09 13.072252
2011 09 12 13.203510
2011 09 13 13.188566
2011 09 14 13.252078
2011 09 15 13.513349
2011 09 16 13.615964
2011 09 19 13.615715
2011 09 20 13.614719
2011 09 21 13.429662
2011 09 22 12.967893
2011 09 23 13.088690
2011 09 26 13.247595
2011 09 27 13.433149
2011 09 28 13.171629
2011 09 29 13.138255
2011 09 30 12.827918
2011 10 03 12.341740
2011 10 04 12.500645
2011 10 05 12.570383
2011 10 06 12.819699
2011 10 07 12.829910
2011 10 10 13.379102
2011 10 11 13.528791
2011 10 12 13.661294
2011 10 13 13.922565
2011 10 14 14.736763
2011 10 17 14.505878
2011 10 18 14.707622
2011 10 19 14.463288
2011 10 20 14.537261
2011 10 21 14.707124
2011 10 24 14.854820
2011 10 25 14.524558
2011 10 26 14.603014
2011 10 27 14.910860
2011 10 28 14.947473
2011 10 31 14.760673
2011 11 01 14.412229
2011 11 02 14.565903
2011 11 03 14.881720
2011 11 04 14.847847
2011 11 07 15.151459
2011 11 08 15.251334
2011 11 09 14.967648
2011 11 10 14.821446
2011 11 11 15.151957
2011 11 14 15.267773
2011 11 15 15.356440
2011 11 16 15.229665
2011 11 17 14.965655
2011 11 18 14.816464
2011 11 21 14.469266
2011 11 22 14.445853
2011 11 23 14.199527
2011 11 25 14.022440
2011 11 28 14.649839
2011 11 29 14.518830
2011 11 30 14.928793
2011 12 01 15.286951
2011 12 02 15.451086
2011 12 05 15.582842
2011 12 06 15.536017
2011 12 07 15.526553
2011 12 08 15.343738
2011 12 09 15.626926
2011 12 12 15.576366
2011 12 13 15.582344
2011 12 14 15.394049
2011 12 15 15.430662
2011 12 16 15.590563
2011 12 19 15.487698
2011 12 20 15.700401
2011 12 21 15.587076
2011 12 22 15.683714
2011 12 23 15.769392
2011 12 27 15.946479
2011 12 28 15.932780
2011 12 29 16.000029
2011 12 30 16.087200
2012 01 03 16.573130
2012 01 04 16.644611
2012 01 05 16.413727
2012 01 06 16.189817
2012 01 09 15.503389
2012 01 10 15.520326
2012 01 11 15.590563
2012 01 12 15.682219
2012 01 13 15.566403
2012 01 17 15.655818
2012 01 18 15.763664
2012 01 19 15.929542
2012 01 20 14.595044
2012 01 23 14.583338
2012 01 24 14.469017
2012 01 25 14.184085
2012 01 26 14.149464
2012 01 27 14.445355
2012 01 30 14.388319
2012 01 31 14.448593
2012 02 01 14.466526
2012 02 02 14.573126
2012 02 03 14.852579
2012 02 06 15.170388
2012 02 07 15.112604
2012 02 08 15.189317
2012 02 09 15.229416
2012 02 10 15.091185
2012 02 13 15.247847
2012 02 14 15.187075
2012 02 15 15.082467
2012 02 16 15.106378
2012 02 17 15.059553
2012 02 21 15.292679
2012 02 22 15.141745
2012 02 23 15.096166
2012 02 24 15.190562
2012 02 27 15.175867
2012 02 28 15.402019
2012 02 29 15.398533
2012 03 01 15.501895
2012 03 02 15.473252
2012 03 05 15.298906
2012 03 06 15.067523
2012 03 07 15.113351
2012 03 08 15.121820
2012 03 09 14.950213
2012 03 12 15.072255
2012 03 13 15.386826
2012 03 14 15.342244
2012 03 15 15.470264
2012 03 16 15.567649
2012 03 19 15.790314
2012 03 20 15.778110
2012 03 21 15.939754
2012 03 22 16.090937
2012 03 23 16.004761
2012 03 26 16.172630
2012 03 27 16.115097
2012 03 28 16.332781
2012 03 29 16.149717
2012 03 30 15.971136
2012 04 02 16.112606
2012 04 03 16.005507
2012 04 04 15.819455
2012 04 05 15.748969
2012 04 09 15.712107
2012 04 10 15.612979
2012 04 11 15.839629
2012 04 12 16.214474
2012 04 13 15.556690
2012 04 16 15.095170
2012 04 17 15.182343
2012 04 18 15.129541
2012 04 19 14.926552
2012 04 20 14.845854
2012 04 23 14.884210
2012 04 24 14.975618
2012 04 25 15.186079
2012 04 26 15.329292
2012 04 27 15.317088
2012 04 30 15.064783
2012 05 01 15.054323
2012 05 02 15.124809
2012 05 03 15.218457
2012 05 04 14.868519
2012 05 07 15.132031
2012 05 08 15.262542
2012 05 09 15.171882
2012 05 10 15.284211
2012 05 11 15.074248
2012 05 14 15.043613
2012 05 15 15.220699
2012 05 16 15.664535
2012 05 17 15.518084
2012 05 18 14.953949
2012 05 21 15.295419
2012 05 22 14.963912
2012 05 23 15.179603
2012 05 24 15.035145
2012 05 25 14.733027
2012 05 29 14.803015
2012 05 30 14.650835
2012 05 31 14.467273
2012 06 01 14.221195
2012 06 04 14.410735
2012 06 05 14.206999
2012 06 06 14.460050
2012 06 07 14.401769
2012 06 08 14.457061
2012 06 11 14.159427
2012 06 12 14.074744
2012 06 13 13.974869
2012 06 14 13.924059
2012 06 15 14.060049
2012 06 18 14.217958
2012 06 19 14.483961
2012 06 20 14.383836
2012 06 21 14.077484
2012 06 22 14.233649
2012 06 25 13.965155
2012 06 26 14.064284
2012 06 27 14.179352
2012 06 28 14.055068
2012 06 29 14.447597
2012 07 02 14.457560
2012 07 03 14.640872
2012 07 05 14.842367
2012 07 06 14.594795
2012 07 09 14.595542
2012 07 10 14.488195
2012 07 11 14.226426
2012 07 12 14.208742
2012 07 13 14.359178
2012 07 16 14.319328
2012 07 17 14.364409
2012 07 18 14.464782
2012 07 19 14.771134
2012 07 20 15.213476
2012 07 23 15.330288
2012 07 24 15.132530
2012 07 25 15.142990
2012 07 26 15.276739
2012 07 27 15.814723
2012 07 30 15.748471
2012 07 31 15.765158
2012 08 01 15.757935
2012 08 02 15.660052
2012 08 03 15.973378
2012 08 06 16.010489
2012 08 07 15.953702
2012 08 08 15.995794
2012 08 09 15.998783
2012 08 10 15.990065
2012 08 13 16.438635
2012 08 14 16.654076
2012 08 15 16.626181
2012 08 16 16.758932
2012 08 17 16.865286
2012 08 20 16.825434
2012 08 21 16.675247
2012 08 22 16.866282
2012 08 23 16.856817
2012 08 24 16.902395
2012 08 27 16.668024
2012 08 28 16.868025
2012 08 29 17.136021
2012 08 30 16.978361
2012 08 31 17.063293
2012 09 04 16.962421
2012 09 05 16.954451
2012 09 06 17.419706
2012 09 07 17.587828
2012 09 10 17.453829
2012 09 11 17.240129
2012 09 12 17.207502
2012 09 13 17.585087
2012 09 14 17.675747
2012 09 17 17.683220
2012 09 18 17.889944
2012 09 19 18.119583
2012 09 20 18.135025
2012 09 21 18.281227
2012 09 24 18.664541
2012 09 25 18.659061
2012 09 26 18.766159
2012 09 27 18.841875
2012 09 28 18.792063
2012 10 01 18.973383
2012 10 02 18.854080
2012 10 03 18.991316
2012 10 04 19.129547
2012 10 05 19.119585
2012 10 08 18.875252
2012 10 09 18.532785
2012 10 10 18.544491
2012 10 11 18.716845
2012 10 12 18.549223
2012 10 15 18.455324
2012 10 16 18.547977
2012 10 17 18.816719
2012 10 18 17.310118
2012 10 19 16.981100
2012 10 22 16.903393
2012 10 23 16.945234
2012 10 24 16.869270
2012 10 25 16.880728
2012 10 26 16.815722
2012 10 31 16.943991
2012 11 01 17.125559
2012 11 02 17.133778
2012 11 05 17.010241
2012 11 06 16.979357
2012 11 07 16.615721
2012 11 08 16.246355
2012 11 09 16.513851
2012 11 12 16.585335
2012 11 13 16.414724
2012 11 14 16.252831
2012 11 15 16.121075
2012 11 16 16.119081
2012 11 19 16.642868
2012 11 20 16.686705
2012 11 21 16.584587
2012 11 23 16.636890
2012 11 26 16.467028
2012 11 27 16.705135
2012 11 28 17.027925
2012 11 29 17.232658
2012 11 30 17.394053
2012 12 03 17.316343
2012 12 04 17.211239
2012 12 05 17.131289
2012 12 06 17.213730
2012 12 07 17.041374
2012 12 10 17.071512
2012 12 11 17.356941
2012 12 12 17.373878
2012 12 13 17.501900
2012 12 14 17.483467
2012 12 17 17.952211
2012 12 18 17.959435
2012 12 19 17.935522
2012 12 20 17.991564
2012 12 21 17.823940
2012 12 24 17.671265
2012 12 26 17.655573
2012 12 27 17.591312
2012 12 28 17.434900
2012 12 31 17.618462
2013 01 02 18.013729
2013 01 03 18.024191
2013 01 04 18.380356
2013 01 07 18.300158
2013 01 08 18.264042
2013 01 09 18.384092
2013 01 10 18.467777
2013 01 11 18.430668
2013 01 14 18.013729
2013 01 15 18.055573
2013 01 16 17.812983
2013 01 17 17.716595
2013 01 18 17.546980
2013 01 22 17.506132
2013 01 23 18.468275
2013 01 24 18.784840
2013 01 25 18.771391
2013 01 28 18.698166
2013 01 29 18.771639
2013 01 30 18.775375
2013 01 31 18.821701
2013 02 01 19.317593
2013 02 04 18.904640
2013 02 05 19.072014
2013 02 06 19.182350
2013 02 07 19.276497
2013 02 08 19.560930
2013 02 11 19.487455
2013 02 12 19.444616
2013 02 13 19.498415
2013 02 14 19.621952
2013 02 15 19.748228
2013 02 19 20.095926
2013 02 20 19.737518
2013 02 21 19.813982
2013 02 22 19.918093
2013 02 25 19.695427
2013 02 26 19.679485
2013 02 27 19.919836
2013 02 28 19.955202
2013 03 01 20.079487
2013 03 04 20.460808
2013 03 05 20.886711
2013 03 06 20.706886
2013 03 07 20.737272
2013 03 08 20.710373
2013 03 11 20.792564
2013 03 12 20.612988
2013 03 13 20.555702
2013 03 14 20.461803
2013 03 15 20.281481
2013 03 18 20.119337
2013 03 19 20.207258
2013 03 20 20.291693
2013 03 21 20.205765
2013 03 22 20.182102
2013 03 25 20.165415
2013 03 26 20.234655
2013 03 27 19.991568
2013 03 28 19.780607
2013 04 01 19.954954
2013 04 02 20.250097
2013 04 03 20.079737
2013 04 04 19.802525
2013 04 05 19.503147
2013 04 08 19.298912
2013 04 09 19.368652
2013 04 10 19.680733
2013 04 11 19.685963
2013 04 12 19.677494
2013 04 15 19.475252
2013 04 16 19.760183
2013 04 17 19.490944
2013 04 18 19.076248
2013 04 19 19.922077
2013 04 22 19.928055
2013 04 23 20.122078
2013 04 24 20.260309
2013 04 25 20.151964
2013 04 26 19.960682
2013 04 29 20.400036
2013 04 30 20.537271
2013 05 01 20.434158
2013 05 02 20.662802
2013 05 03 21.064047
2013 05 06 21.458319
2013 05 07 21.350721
2013 05 08 21.759192
2013 05 09 21.705643
2013 05 10 21.923574
2013 05 13 21.856327
2013 05 14 22.094685
2013 05 15 22.811747
2013 05 16 22.512367
2013 05 17 22.644623
2013 05 20 22.628433
2013 05 21 22.589579
2013 05 22 22.152468
2013 05 23 21.987335
2013 05 24 21.751471
2013 05 28 21.949478
2013 05 29 21.626688
2013 05 30 21.687710
2013 05 31 21.699165
2013 06 03 21.609751
2013 06 04 21.397299
2013 06 05 21.412243
2013 06 06 21.535280
2013 06 07 21.911121
2013 06 10 22.172392
2013 06 11 21.913115
2013 06 12 21.718096
2013 06 13 21.843126
2013 06 14 21.794310
2013 06 17 22.073513
2013 06 18 22.431421
2013 06 19 22.432917
2013 06 20 22.035904
2013 06 21 21.941010
2013 06 24 21.663549
2013 06 25 21.574135
2013 06 26 21.759689
2013 06 27 21.844870
2013 06 28 21.927061
2013 07 01 22.114111
2013 07 02 21.975382
2013 07 03 22.077995
2013 07 05 22.253838
2013 07 08 22.542753
2013 07 09 22.546490
2013 07 10 22.565170
2013 07 11 22.920090
2013 07 12 22.988832
2013 07 15 23.030924
2013 07 16 22.904400
2013 07 17 22.877998
2013 07 18 22.681982
2013 07 19 22.331297
2013 07 22 22.682480
2013 07 23 22.510626
2013 07 24 22.488209
2013 07 25 22.109629
2013 07 26 22.051098
2013 07 29 21.974384
2013 07 30 22.189827
2013 07 31 22.110872
2013 08 01 22.521086
2013 08 02 22.579617
2013 08 05 22.540512
2013 08 06 22.330549
2013 08 07 22.183102
2013 08 08 22.233166
2013 08 09 22.177126
2013 08 12 22.055082
2013 08 13 21.948980
2013 08 14 21.664047
2013 08 15 21.411245
2013 08 16 21.342752
2013 08 19 21.560436
2013 08 20 21.554708
2013 08 21 21.652094
2013 08 22 21.761185
2013 08 23 21.674009
2013 08 26 21.578867
2013 08 27 21.174383
2013 08 28 21.134533
2013 08 29 21.305889
2013 08 30 21.093437
2013 09 03 21.429178
2013 09 04 21.709377
2013 09 05 21.906887
2013 09 06 21.907387
2013 09 09 22.118345
2013 09 10 22.133787
2013 09 11 22.321085
2013 09 12 22.243128
2013 09 13 22.143749
2013 09 16 22.111122
2013 09 17 22.070026
2013 09 18 22.498669
2013 09 19 22.375879
2013 09 20 22.493439
2013 09 23 22.079741
2013 09 24 22.088207
2013 09 25 21.848854
2013 09 26 21.872267
2013 09 27 21.827934
2013 09 30 21.815977
2013 10 01 22.092194
2013 10 02 22.116852
2013 10 03 21.820461
2013 10 04 21.727310
2013 10 07 21.562677
2013 10 08 21.262054
2013 10 09 21.316601
2013 10 10 21.624945
2013 10 11 21.718344
2013 10 14 21.820959
2013 10 15 21.967909
2013 10 16 22.366913
2013 10 17 22.136776
2013 10 18 25.190828
2013 10 21 24.988836
2013 10 22 25.080990
2013 10 23 25.688961
2013 10 24 25.543009
2013 10 25 25.285225
2013 10 28 25.280243
2013 10 29 25.809261
2013 10 30 25.664305
2013 10 31 25.668289
2013 11 01 25.580118
2013 11 04 25.556955
2013 11 05 25.442635
2013 11 06 25.473270
2013 11 07 25.104652
2013 11 08 25.305897
2013 11 11 25.170404
2013 11 12 25.200045
2013 11 13 25.715363
2013 11 14 25.784105
2013 11 15 25.742512
2013 11 18 25.692448
2013 11 19 25.534290
2013 11 20 25.462311
2013 11 21 25.755213
2013 11 22 25.700916
2013 11 25 26.050606
2013 11 26 26.361441
2013 11 27 26.478502
2013 11 29 26.390831
2013 12 02 26.263557
2013 12 03 26.233171
2013 12 04 26.355713
2013 12 05 26.334791
2013 12 06 26.646872
2013 12 09 26.852848
2013 12 10 27.015240
2013 12 11 26.831678
2013 12 12 26.649113
2013 12 13 26.420719
2013 12 16 26.724331
2013 12 17 26.646622
2013 12 18 27.017483
2013 12 19 27.054094
2013 12 20 27.412750
2013 12 23 27.773397
2013 12 24 27.692204
2013 12 26 27.832178
2013 12 27 27.855591
2013 12 30 27.632925
2013 12 31 27.913124
2014 01 02 27.724083
2014 01 03 27.521841
2014 01 06 27.828691
2014 01 07 28.365179
2014 01 08 28.424210
2014 01 09 28.150484
2014 01 10 28.148991
2014 01 13 27.969664
2014 01 14 28.627695
2014 01 15 28.608269
2014 01 16 28.797560
2014 01 17 28.655842
2014 01 21 28.983862
2014 01 22 29.016739
2014 01 23 28.894197
2014 01 24 27.990833
2014 01 27 27.427942
2014 01 28 27.970409
2014 01 29 27.569662
2014 01 30 28.278753
2014 01 31 29.414000
2014 02 03 28.229937
2014 02 04 28.347746
2014 02 05 28.473274
2014 02 06 28.890711
2014 02 07 29.326078
2014 02 10 29.213751
2014 02 11 29.643389
2014 02 12 29.556465
2014 02 13 29.885483
2014 02 14 29.957710
2014 02 18 30.158957
2014 02 19 29.946255
2014 02 20 29.990339
2014 02 21 29.982368
2014 02 24 30.199554
2014 02 25 30.386105
2014 02 26 30.390341
2014 02 27 30.366428
2014 02 28 30.277761
2014 03 03 29.954971
2014 03 04 30.259331
2014 03 05 30.342768
2014 03 06 30.376392
2014 03 07 30.256342
2014 03 10 30.176142
2014 03 11 29.887724
2014 03 12 30.069792
2014 03 13 29.615494
2014 03 14 29.210512
2014 03 17 29.691210
2014 03 18 30.168421
2014 03 19 29.869293
2014 03 20 29.817238
2014 03 21 29.465555
2014 03 24 28.840151
2014 03 25 28.859825
2014 03 26 28.193575
2014 03 27 27.846546
2014 03 28 27.922838
2014 03 31 27.772251
2014 04 01 28.280355
2014 04 02 28.272379
2014 04 03 28.409002
2014 04 04 27.082645
2014 04 07 26.833828
2014 04 08 27.669035
2014 04 09 28.129770
2014 04 10 26.973444
2014 04 11 26.457361
2014 04 14 26.553099
2014 04 15 26.748562
2014 04 16 27.750811
2014 04 17 26.731607
2014 04 21 26.358631
2014 04 22 26.667286
2014 04 23 26.274862
2014 04 24 26.186106
2014 04 25 25.738335
2014 04 28 25.786703
2014 04 29 26.312757
2014 04 30 26.260900
2014 05 01 26.494759
2014 05 02 26.324226
2014 05 05 26.318243
2014 05 06 25.686478
2014 05 07 25.428186
2014 05 08 25.480045
2014 05 09 25.865486
2014 05 12 26.423454
2014 05 13 26.581520
2014 05 14 26.260403
2014 05 15 25.927814
2014 05 16 25.960226
2014 05 19 26.370600
2014 05 20 26.415976
2014 05 21 26.873220
2014 05 22 27.178383
2014 05 23 27.559336
2014 05 27 28.220022
2014 05 28 28.007107
2014 05 29 27.927326
2014 05 30 27.917852
2014 06 02 27.620667
2014 06 03 27.172398
2014 06 04 27.158438
2014 06 05 27.619171
2014 06 06 27.740339
2014 06 09 28.029045
2014 06 10 27.950762
2014 06 11 27.865496
2014 06 12 27.492022
2014 06 13 27.512465
2014 06 16 27.139488
2014 06 17 27.076162
2014 06 18 27.592745
2014 06 19 27.669035
2014 06 20 27.741835
2014 06 23 28.170158
2014 06 24 28.153704
2014 06 25 28.853283
2014 06 26 28.721146
2014 06 27 28.782976
2014 06 30 28.685246
2014 07 01 29.053734
2014 07 02 29.037029
2014 07 03 29.156450
2014 07 07 29.032789
2014 07 08 28.476318
2014 07 09 28.725136
2014 07 10 28.476816
2014 07 11 28.879711
2014 07 14 29.163431
2014 07 15 29.158943
2014 07 16 29.053234
2014 07 17 28.607958
2014 07 18 29.672535
2014 07 21 29.392801
2014 07 22 29.655581
2014 07 23 29.717411
2014 07 24 29.586271
2014 07 25 29.370363
2014 07 28 29.449146
2014 07 29 29.200331
2014 07 30 29.290583
2014 07 31 28.501747
2014 08 01 28.226006
2014 08 04 28.579037
2014 08 05 28.176142
2014 08 06 28.241163
2014 08 07 28.090876
2014 08 08 28.360636
2014 08 11 28.316257
2014 08 12 28.059464
2014 08 13 28.660313
2014 08 14 28.653831
2014 08 15 28.595491
2014 08 18 29.028303
2014 08 19 29.262659
2014 08 20 29.144484
2014 08 21 29.088636
2014 08 22 29.048248
2014 08 25 28.930571
2014 08 26 28.813890
2014 08 27 28.471830
2014 08 28 28.382076
2014 08 29 28.501747
2014 09 02 28.787464
2014 09 03 28.817881
2014 09 04 29.019327
2014 09 05 29.223766
2014 09 08 29.405268
2014 09 09 28.970961
2014 09 10 29.075174
2014 09 11 28.987913
2014 09 12 28.702198
2014 09 15 28.576544
2014 09 16 28.918104
2014 09 17 29.158445
2014 09 18 29.382830
2014 09 19 29.722397
2014 09 22 29.288090
2014 09 23 28.976944
2014 09 24 29.319004
2014 09 25 28.674274
2014 09 26 28.775995
2014 09 29 28.739098
2014 09 30 28.788960
2014 10 01 28.335705
2014 10 02 28.425957
2014 10 03 28.685246
2014 10 06 28.788462
2014 10 07 28.109823
2014 10 08 28.546625
2014 10 09 27.967216
2014 10 10 27.149960
2014 10 13 26.587503
2014 10 14 26.823357
2014 10 15 26.428940
2014 10 16 26.153694
2014 10 17 25.488522
